7.3604042356e-06,8.4925155621e-06,394.9266359566368,4456.924145630123,1117.17118357768,5.588712246971505,2.167433921249817,0.0058615493436612,0.0693117788907363,0.7874965967868914,2.3408475799727784,2.158930734314863,0.9286307463374276,0.6265517187321271,3.2456039099805785,0.0070237795496373,0.0218509218198979,0.4210355396310833,1.2332077848565457,0.7039421681340564,0.3188179154011392,0.3039775485898108,0.675945089759806,-0.9807478121498744,0.091734160048069,0.0273902851013811,1015.1372549019609,0.5607843137254903,0.3057142857142857,0.6682038346221313,0.0633868883062932,0.019218683207841,1.3687584488344795,1.076229182634536,0.8823078173666007,-1.6611117714338173,0.3304256146509417,-0.0255889594464835,0.0682430251555809,-0.328598062020467,0.1573534655822432,-0.4293460242860568,-0.0281212694915726,-0.5711974449016689,-0.1111847516611263,-0.0788513285657615,-0.0298947827429896,0.1731705840384873,-0.250402967506984,-0.0251559158345448,-0.1196795489903207,-0.1480142731885127,0.0954588789664532,-0.2540992700705716,-0.0016869487800108,0.2039894990264144,0.2208233462124057,0.2164048520551565,0.2766740959201093,0.1167109752766216,0.073442204742268,0.0689642987104873,0.1043983526406906,0.0668048004259253,0.1731924788253877,0.0693153820721669,0.0706205564784953,0.0433332530591065,0.0507068768227553,0.0357899853804563,0.0533041961225478,0.0352032038171319,0.0293756454077954,0.0286824227821882,0.0255719731275241,0.0166149397592949,0.0093309961345534,0.0224347795847955,0.1634424867059346,0.1948629626780954,0.2181039447272294,0.1733962401219631,0.188557028473562,0.0875624898399416,0.1019307200356073,0.1066668737503236,0.0974522669401137,0.0911780663180505,0.0842558207489996,0.0718253907019508,0.0636296131146735,0.0470209833872458,0.0536703561313218,0.0595106695303677,0.047624646406677,0.0302400897637098,0.0384748458492028,0.0355302552336628,0.022135610938107,0.0125040175125496,0.0246653297445319,111.53827388144471,110.69510784896113,108.37929128345286,105.0519602302181,101.19391442452499,97.23115262398628,93.47704848885128,90.08328917408254,87.05103540193782,84.2262250323643,81.27460759321505,77.81761514875927,73.63766090428746,-0.2636486741437642,0.4050217999578056,0.001395994206424,0.5995037611540448,0.1928094208678025,0.5551817039536477,0.2300145345196219,0.0946550312507625,0.0303736459820309,0.0432831960202544,0.0231912805912161,0.0746119348617635,0.0065934496102323,0.0295208776068944,0.0220356027389377,0.7467237213900092,0.7467237213900092,0.800430579784133,0.8313591705578892,0.055458375544393,0.055458375544393,0.0475215184523477,0.0400435443314132,0.0893598775726434,0.0893598775726434,0.0865639103934881,0.0697047087593478,3.6487648158e-06,1.24618756362e-05,8.695652173913043,0.10834851027277727,0.3559063801957942,0.41574630899058235,4.706755427759966,13.140348002795003,0.2290862557919248,3.8017955660240457,2.4183282404872903,0.7862389651276173,6.86036456457404,13.033138999506765,0.3367762651926782,2.718939143118896,-3.503774460278773,1.2324514474323256,4.206930759788574,2.929136877468096,1.3561099474738183,2.7931348777655702,-0.013991971985945885,20.309305309811624,7.49513086897617,22.426518231893407,14.1780180321412,4.1118951471924765,12.511608325719411,2.6279317911584132,0.00014037710394357254,0.010975849078932879,0.0023835955513477752,0.44117063660776223,0.08729922027860076,5.758013613698647,5.497514362447252,-16.99472620120682,29.940072660781478,8.563380802341033e-05,0.002219891066502974,0.0005380441431464152,0.014553519236729297,0.02402136064542678,0.990188613060407,1.6983602600466279,7.663672044695963,22.887315410804412,0.4026029784505161,0.14438248473001677,1.387002250742756,0.561657490579777,0.012637287698525491,0.3951156492323783,-0.0057849757592015735,0.24394533335606255,0.8058626300185947,1.9042653292141067,1.6237634194875985,3.103113207502926,1.86697584051882,1.859254165492352,1.4017795042518408,1.6661557094433235,1.841576269607462,2.0600540245857935
0.0029342882236891,0.0025513049660602,475.5536056888005,259.20093276057696,54.6965206789742,52.042940247787236,25.02052107868287,0.0111091271668769,0.1859098547084499,2.712543602658927,8.09797122879479,23.467334181472122,13.904469129297011,4.721115878828577,2.4469074323388007,0.0043418549210691,0.0766237291278285,1.4242458084904055,4.733367571488574,11.83558674357917,6.218514221842534,1.8890131583202732,1.3125863432901306,-0.9757125690982752,0.0446803702325356,0.0282443873007622,507.09803921568636,0.2501960784313725,0.18,0.4445646554832325,0.0501920367724951,0.0264237113339189,1.8906114737937767,0.0635535138709682,1.101734206667591,-0.1015061017860814,0.0641392376851585,-1.3742322519035977,0.4370128845513115,-0.5925332267829315,-0.5943999880426838,-0.6145537214070268,0.0440511863417452,-0.3906529030921063,0.0190567181262544,0.2246708179592845,-0.0208869521474169,-0.1930431235471351,-0.3815210318908499,-0.0435786738527978,-0.1115888212787718,-0.1785156640723332,-0.1070061474784669,-0.128112786042113,0.1112637492684858,0.2941784653742525,0.3750421024962796,0.2814943338946658,0.2420086198381827,0.1103832068564823,0.0728444709185177,0.1223592414209039,0.0421456401686834,0.0687320224921706,0.0739535476057964,0.061856989077938,0.038829062359802,0.0549118322819591,0.0409843612386865,0.0277709898579648,0.0704189322261744,0.020844472805903,0.0323500367980546,0.0173068014243997,0.0317388539097652,0.0124840387845185,0.0248625186659521,0.0213838604065852,0.26590315826106,0.211284724221565,0.1910194086148273,0.1465581639035692,0.133772610515267,0.0815032105435151,0.1593717519620202,0.096369620877755,0.0891954209618492,0.1060985616861507,0.0874161243790923,0.0877606123744701,0.082610612334847,0.0681866562460937,0.0561031779605182,0.0538786150354314,0.0346001416086669,0.0392940630534491,0.0277888561641805,0.0324538671985674,0.0228273306794159,0.0380249515800858,0.0224349123027255,2018.361044224451,2010.1869831341473,1987.9067297864196,1954.2935698415365,1910.581700698029,1857.379803187257,1795.453890785789,1726.65974448886,1652.3412276546126,1573.0447706829616,1488.4543785769154,1398.0282576637717,1303.0102282477608,-0.5819318142591556,0.2519760381920929,0.000698832248165,0.8406732789570966,0.1032037632134374,0.0935758778077567,0.4216788405861513,0.0561100077248758,0.0069849736551498,0.0079505360830017,0.0162732157960573,0.1145528730176243,0.0126734272362918,0.007065453609632,0.019847383156727,0.905347876422528,0.905347876422528,0.7271436784597864,0.7976489929572902,0.0188594597607741,0.0188594597607741,0.0638838165463705,0.0545033732107755,0.0351109405412071,0.0351109405412071,0.1480037325014203,0.0983336931118342,0.0001127755359492,0.0003982285933234,12.0,0.6755011154335337,-0.00974415103923136,0.4107607021708565,7.425250062789896,16.82521666554782,0.2236033571391194,3.129579006473872,2.165445663241075,0.5168349726152148,8.300447691759418,12.96673657537277,0.21985548796967505,3.201076787938138,1.7470211027859885,0.04039348400198629,2.1893427682077378,1.8277329237106608,0.4520023862479501,1.7880830244737573,-0.6580403232187821,5.496878286697857,3.5939287297108446,6.974036832341733,6.727690309355981,1.8334676965190584,6.6390615944554385,2.466768355927987,0.00011196880400796999,0.009812288706863957,0.002630818403133464,0.5105087462600421,0.0993249828518697,4.499314969518081,7.977900860307952,-12.122436953017331,116.73388546324554,1.962282128634052e-05,0.002278930310782941,0.0004816333751247529,0.019320372757101946,0.020824605460762355,0.5041458214486987,1.0121438665804972,16.114035288357474,76.96726843438081,0.2777788536998518,0.5171816971407648,-0.38800393765164415,0.2569866833981824,0.5551846379774066,-0.40014934850737355,-0.029489059698324386,-0.8052084386571392,-0.03131691416613509,1.4592274452607459,1.7075974104295706,2.0077852948745467,1.3514461005696274,2.0625864520871913,1.576093366019666,1.3788584524801626,2.0125168153410065,1.0782916384698191
0.0036905124140235,0.0044769557887914,513.9377689846635,50.849999140997376,24.626026786466895,42.03961538936119,24.298890518488776,0.0007096299453059,0.0215327264395531,0.5335249778159619,9.240208090766304,26.89299468912503,13.65411349369087,5.313683445045661,1.3116517852869234,0.0010108041409491,0.0112882333118003,0.3102964229504046,6.213732799665459,18.468152808630258,11.735993426062322,5.11607797927536,1.204277781771947,-0.7829964491715601,0.086876312040537,0.1077802709241417,506.7254901960785,0.2431372549019608,0.2240816326530612,0.5933797390738624,0.0876006279817067,0.0548123053320044,0.7017616686849977,1.1358922337154802,0.850966194436237,-1.3092870812558723,0.1507463156134204,-0.8415567804191975,-0.7664445606214836,-0.4427697493361199,-0.5927766508996833,-0.6112067929870872,-0.1242596687513634,0.0020206224518713,0.0640200228686464,-0.0552875137391688,-0.2926993913570342,-0.4699271592333139,0.1255906487259726,-0.268993492858056,-0.0803346644142683,-0.337571110963704,0.089591156982011,-0.0440056732656725,-0.0258247938449694,0.4227621216404214,0.2016401004930261,0.1835458355181572,0.1466475130755408,0.059938029285394,0.1697009115889367,0.1550555483733461,0.0424679497756663,0.0824236766231282,0.0783171378231051,0.0284905515560895,0.0412672534148296,0.0713971506454701,0.0550364536217026,0.040375856966524,0.0355155346679009,0.0537791977153693,0.0367700178034815,0.0236703911128757,0.0138399063138488,0.0168324603115715,0.0230716235260663,0.024515278089075,0.2121805032362414,0.2902708003909787,0.2346158369457507,0.2121813034005437,0.07790272893574,0.160155480603132,0.1752120046948735,0.0726052407427436,0.1025085584705505,0.0578650507546607,0.0644396085073319,0.0418388151780543,0.1116059504532493,0.0713100210975574,0.0415422404253539,0.052873230737346,0.0756468378095628,0.044370959071296,0.0422050190752439,0.0250952873608194,0.0217091734534104,0.0429697357992344,0.020541706611595,1734.3133038196354,1720.980220947075,1686.3925278212444,1639.5241121698418,1585.5768374804559,1527.6281005597605,1468.5474137538276,1410.7421809445134,1356.0002067906562,1303.3475751089907,1247.7541306907465,1183.9133435520002,1109.6020672657896,-0.6935871305792921,0.1826260896841275,0.001444236381065,0.849120702912196,0.6187604612443475,0.0611168630740441,0.0962172045073045,0.0419403056622144,0.0665042230382843,0.0067811367197318,0.0043976346562228,0.0766783079681165,0.0978124291915369,0.0081171851811327,0.0043605205262645,0.9217019988499368,0.9217019988499368,0.8857626345403794,0.8115466718512084,0.0312102498588336,0.0312102498588336,0.0278376642956395,0.0438957329572924,0.0648960945454283,0.0648960945454283,0.0445908200172798,0.0697125019679791,3.39144959331e-05,6.98719153279e-05,17.142857142857142,0.4730694005003153,-0.1400280527413997,0.26624558755564176,7.277819790398827,11.686143210136413,0.16102905466520975,1.8777734711847207,1.9629063565267288,0.25349190697607316,9.739142057716322,9.821960720403919,0.11304767514158025,2.9152739471988705,-0.2412837952881291,-0.5719039354533177,0.7800450589388536,1.8764040145456065,0.7093555919007791,1.3550173280777391,-0.7059767957862988,3.1873308943754846,3.982127912527341,2.371928157095222,6.485622723107017,2.515087523747067,5.549078667443793,2.3866799250598563,9.224911717112132e-05,0.0032534023136187988,0.0039194535004656375,0.18716289944740527,0.21039287690380365,-0.3715697152359397,7.28169014532841,-4.979331765310909,73.80961723100985,1.7112003437767247e-05,0.001052151253114066,0.000139091763856361,0.08156104680199358,0.02408261655426069,0.1613960895985571,2.5104073025955733,11.086307311644129,24.756917161396206,0.0,0.0,0.0,-2.9974583609661196e-16,0.0,0.0,0.0,-2.503056783990225e-16,8.391479127421927e-16,1.0,1.0,1.0,1.0,1.0,1.0,1.0,1.0000000000000002,1.0
4.34389361609e-05,1.42292271772e-05,350.83728915239925,719.8373733918107,26.24144390500722,25.445275820585987,2.5058927219281975,0.0535678349038953,0.6419457520720522,2.7785360149699168,8.759727390376353,5.026132663634099,1.1628471843530113,1.217293535391568,0.7571239408981031,0.010260695604743,0.1183423849687002,0.5264016064051696,1.2789237036215213,0.6604720805353282,0.1939395413030468,0.4141802151478681,0.2066877523464147,-1.3364539412328396,0.0527206955513837,0.0332460026050416,2032.5882352941178,2.287058823529412,0.5718367346938776,0.5241431487248045,0.0495357981907805,0.018422541127538,2.933280377853204,1.787962716624236,0.4958019559181274,-2.1954529729134453,1.8826811329970845,-0.4444572951805833,0.2240163123528076,-0.1556212105699507,-0.6330068931668383,0.3867798161910886,-0.1436431388297486,-0.1633471898013332,-0.039078596045984,-0.0984839315725656,-0.2293283272065692,0.066357504061318,-0.1045690785065899,-0.11245407997447,0.0327686559146185,-0.2240413257269571,0.0859288764434022,-0.1117243808943941,-0.0401526535527707,0.4222111120486875,0.2960471108725042,0.3476008894408133,0.6985388959941925,0.3729890617208022,0.2136993484490028,0.0962525313593837,0.2893748744957948,0.1432951599656975,0.0945277439219105,0.0459281001314507,0.0466975519396024,0.0498360210695101,0.069051600638728,0.0761232323358421,0.0518460191763277,0.0503892255315474,0.0353924402291601,0.0349822597392248,0.0297044212954381,0.0251259132088519,0.0194790819081704,0.0334969056921536,0.151388249565341,0.1866333016059052,0.1580445149161817,0.134612906667304,0.1435082146201829,0.1127031451582726,0.0950957050007884,0.0790906924147237,0.0899735485572437,0.059605940605855,0.0545086776868363,0.0588078106306702,0.0507739297225569,0.0508114150640401,0.0473693021441283,0.0308741917353967,0.0307068817026829,0.0346822397135703,0.0250539683396295,0.0323519158920043,0.0248459538766601,0.0223821924214658,0.0247401388705095,513.6497613684909,512.3406289989556,508.57180703043,502.7524646381599,495.39847760877075,486.99646393245195,477.899061461884,468.23858932595283,457.888183536498,446.5197097568023,433.7438356248381,419.2522093547351,402.9018529497012,-0.4259556018741939,0.7761824222742582,0.0003915001844527,0.3225504531905205,0.5857764399991588,0.3494992689658316,0.0269876712671002,0.0604993789849166,0.0374712827901321,0.0859281534767119,0.0039800378860918,0.0167791343886618,0.0105036921408122,0.0116566356776185,0.0038932895668785,0.8864970169441039,0.8864970169441039,0.6833335765181247,0.3291446392701432,0.0256447682515956,0.0256447682515956,0.0676728892397883,0.1004119130110698,0.0484203817828297,0.0484203817828297,0.0971517567761298,0.0842808084291353,8.1589977726e-06,3.06660125069e-05,3.2258064516129026,-0.3117449951462099,-0.009163347648469296,0.2619098843105581,4.772622898907823,13.822861295643742,0.18078802428698126,1.3838337557134408,1.6366180488381565,0.26953494511735254,5.403191746223846,10.47864917074195,0.193680006958244,5.43850363075307,-0.7090644345228927,-0.4867613271771442,2.405090098549114,2.012294644477116,1.058574333542443,1.963530708281568,-0.2788008750088099,6.791311842185596,7.315805565393512,10.733018340825108,8.885132791207745,4.128176190631208,7.140653307488686,2.121540346455399,0.0001669251099684464,0.01207991413851789,0.004421597249803745,0.44973931954872093,0.098091949370978,3.5785458514555826,4.029625447034213,7.030502085039096,141.79157736602866,7.820479152607973e-05,0.011587502423768358,0.004637476378509341,0.03609062823330035,0.0228424434824789,2.3882360128892466,0.6175026194490034,42.35455423825332,279.7751333204378,-0.3408551269428343,3.3889180471141285,3.3170784727747717,0.01925560517005183,0.12929816646342954,-0.38241825445595834,-0.02515164140024684,2.6808638531969646,2.400817124390523,2.374366756631453,13.352493867363336,13.053850328055875,2.320609691528364,2.990527232455707,2.454776621211339,1.7511295179986694,10.405082704694077,7.144635375357368
0.0022668849195223,0.0021345848172171,433.45049550764924,5932.11841959653,8718.164225934714,48.30433784128123,19.43833915696224,0.0653147350540605,0.8438784478927605,8.23819982557808,18.50287812851941,17.8374878004732,9.701032079175263,2.50153464877821,3.3427188051587127,0.0182557042458059,0.2662687638088602,2.7793202773636008,9.20147130621025,11.002847685206184,5.615701307607544,1.2196272696605617,1.1712623100470811,-1.112032694603727,0.0515355257435065,0.0119981261299751,1014.9607843137255,1.5984313725490191,0.2791836734693878,0.341430794077134,0.0325595929555927,0.0110110345103933,2.222609196725262,1.337059798750774,-0.2353699778088885,-0.3765509975685298,0.5903569608834743,0.0199102115504973,-0.8240705468480899,-0.4958248515258529,-0.1385317781670215,0.0333487507689454,-0.897682357977952,-0.1946760793125758,0.1968930055422996,0.1197598403900943,-0.0787455578677828,-0.1087387507107233,0.0088604670905504,-0.2110471300740304,-0.2511488945240641,-0.087164217516998,-0.0802538618173545,-0.1434976298179704,0.0424705956686215,0.7177850341961869,0.6818564852389676,0.2897564163752895,0.2709399814823726,0.1153174136082263,0.1026393538800914,0.1173991187678108,0.0768883065584702,0.0822895849741083,0.0800286267022659,0.0850586081183484,0.0334777567829784,0.063569045561117,0.0384978554297358,0.0302637243291058,0.0270252607060179,0.0310806086320932,0.0240064265699954,0.0213971115125154,0.0211284538835284,0.0284496013275011,0.0194492205596494,0.0159029000524092,0.2738239355504409,0.2215946302084605,0.4511226122464302,0.3198240284992541,0.1905222706801783,0.1191594862555879,0.2186980202836952,0.1573492056734863,0.1597383274677075,0.125888220011053,0.1246758621786328,0.0559185879504416,0.0666137375878468,0.0721831487210169,0.0420712856344139,0.0562087611880764,0.05783278466399,0.0538207360132164,0.0484574719674606,0.0353927983883687,0.0375446538771902,0.0356117090067843,0.0227645918581895,1313.6499991880366,1310.0654759937904,1299.5861910361905,1282.8638927790546,1260.6024651121593,1233.3329761406674,1201.354380995052,1164.811862236726,1123.847564904061,1078.6819871176813,1029.5617125805538,976.684543797709,920.2152404328292,-0.5200648029832087,0.2845493354226726,0.0001233665922682,0.7710698255852387,0.2235297087649381,0.3713944500397262,0.3490748283361473,0.0652461302047473,0.0667149223200914,0.1130314404581816,0.0233064108461989,0.0683493941775254,0.0309337446387744,0.0190842835347469,0.0185785374861553,0.8725461286345133,0.8725461286345133,0.8080197668437642,0.7154333486360686,0.0334127997001911,0.0334127997001911,0.0475185153700744,0.1087212211917554,0.0664266413614677,0.0664266413614677,0.0823097424157017,0.0346818823493836,5.01890368553e-05,0.0001915613909948,9.677419354838708,-1.484073090436329,0.0225492624044408,0.8240279916833254,6.977179187396858,16.081107473514816,0.6108942989863649,5.104568844615398,6.272888709616126,0.7453193715021975,8.244816527244298,10.809351659700086,0.6193329994960433,3.480299339438013,-0.08837356655210087,0.2804397585631597,0.9945597742638228,1.146038474707936,0.3426956067266308,1.3791526720678717,-0.000987374141848402,3.164009017125127,3.786425778594228,2.9388639516115127,3.2388204583041884,2.050695712988576,4.684915601239609,3.432765522215365,0.00020153339715966876,0.008554108114464368,0.0035572041169425242,0.4378175232583012,0.12712286075616003,3.238233591735544,6.881810545805007,-15.00889002359543,129.55559471475638,8.650699118180826e-05,0.002545976127849117,0.001458848662907066,0.015820150765499676,0.019533316007503056,0.19644195868086833,1.5233227810650936,10.50815878799686,130.00805003050095,1.2212803973409363,-0.3243484997283577,0.6218171504730737,-0.28573487260341096,-0.07255935251646389,-0.278456514466264,0.8296518774044562,-0.14899643908851623,0.7899979360984788,2.922461764483305,2.333155236064673,2.5933485572817667,2.054303472022633,1.4054499260429203,1.7207194392353844,2.3822829794597062,1.9147381622827424,1.9905591670076577
0.0006457860200835,0.0002811277184217,391.16578562559806,469.0506839165646,19.825118753522627,27.65714333771724,4.483206042001122,0.0315662926238633,0.3846738036101026,4.664072776264543,15.696124597713007,10.273276978750586,3.4082112605866306,1.478246605432696,1.6084388826566296,0.0054797587463813,0.0870165703309869,1.2685323707686054,4.0036799978602335,2.180912880420205,0.6236265384450338,0.9351089392887284,0.8851739094667768,-1.2667644972487704,0.0266921273518804,0.0206908405879586,1015.6470588235295,0.5129411764705882,0.2791836734693877,0.3741314837528407,0.0215748664794241,0.0112704909063287,2.2623226136745624,1.630733032664314,-0.0681445611744178,-1.0109004129654062,1.1664464837950292,0.2460446943458182,-0.5943490856022255,-0.3423306024975411,-0.2038682643308,0.0100071118579138,-0.1787807921241125,-0.2629924376363921,-0.0099587199003032,-0.3010944549071958,-0.0143314814683508,-0.0036761774565755,0.1923950475826332,-0.2461976758917316,-0.0984592472503521,-0.1479392192019571,0.0286325622803783,-0.2161503093547699,-0.0456036205114164,0.2067553367654686,0.3086284189327382,0.2568510164835629,0.5236489282800749,0.1614908654502734,0.1448132282655393,0.0874237043098009,0.1282567329455066,0.1067446179284159,0.0741602905478276,0.0788677233743861,0.0625417819720487,0.0474137969784345,0.0585816221115471,0.049560516260712,0.0688233753368025,0.0498343295687779,0.024394150257387,0.02541583999887,0.0407275383809663,0.0261835615826385,0.0196902074504215,0.0153816452315634,0.1544095889384759,0.1481849633091508,0.1973200717186919,0.1855326381175987,0.1796995941778382,0.102631470638507,0.1069496103071927,0.1140525023745767,0.0937216726060107,0.0961984375422347,0.0868686462847752,0.0815721742604644,0.0737534649358737,0.0464479654862221,0.0547770497976098,0.0420650934310433,0.043380916858681,0.0342525736624925,0.0366697530729386,0.0309568360289421,0.0285838582629325,0.0325495891826353,0.0282253612435788,1317.2043088697756,1314.3665407674541,1305.999868994772,1292.482038550376,1274.296744188424,1251.8967558573204,1225.6115206488464,1195.6255576558106,1162.0138695975536,1124.798641064829,1083.9931385295138,1039.636130874816,991.8239150718722,-0.1770376925152923,0.4765490963191719,8.94282444763e-05,0.219549172828693,0.3836920378529347,0.6654672992936325,0.0479639869408603,0.0625254983595369,0.0831404575586323,0.0380620467026612,0.004202311428767,0.0293807609704939,0.0090683956590865,0.0095260304860013,0.0014140585535527,0.9415257369578054,0.9415257369578054,0.9255148700419744,0.6729009273232509,0.0079970479342889,0.0079970479342889,0.0127222815754921,0.0807633719422596,0.0124463989669141,0.0124463989669141,0.0146879035969048,0.06361951234943,2.22426332247e-05,7.22787995676e-05,5.660377358490566,-0.8015662117988313,0.026998173379875152,0.3159380008817197,4.8965811991976285,13.22063186270862,0.24820748425529346,2.0116008599721646,2.38498718082418,0.3901807178287814,5.580368912419475,10.962104333386165,0.2547771318056986,4.030196123308346,-1.9332155394822803,-0.7704739520486397,2.836522360189517,1.425381834742404,1.188081925051987,1.8923460850251728,-0.0827692543020666,8.569282593407774,8.614781130383081,12.489694354385655,4.5959422577067786,4.362265942502623,7.242396130771384,2.073895379119758,0.00012781593750569768,0.01417879221120189,0.004934855635898336,0.4524949009764293,0.09233434424502562,1.8983248512743,4.799010701119226,-12.26290688848289,147.67921777239786,6.153152768016846e-05,0.014101370175845788,0.005021816127476842,0.03303176313703664,0.017054169408068705,1.8865301469449276,1.4282945567772367,13.436179576050163,196.24392445191197,-0.16847727270916124,2.043293972458207,1.6807108040245304,0.39509895783062654,-0.19477736964273454,-0.013928921048478064,1.025959449235848,0.3606104678747449,2.102784249537197,2.184359944855309,5.738739165001272,4.514637379598262,1.762433276852856,1.4431971682878693,2.083050212371413,4.467020789885225,2.500883150272721,6.0145110059958125
0.0016621275775241,0.0014925289481713,446.6561805291476,7481.732913544471,3642.8030129216736,40.15577923762525,21.339629420106917,0.0033952741556001,0.0863757719051966,1.071009295173696,5.695740949955368,20.69663511517778,13.207996057630568,3.580517904857579,11.863947230612268,0.0008713247615599,0.0212075815595298,0.3533067260593994,2.965589244261816,9.026454267096542,5.432513944200505,2.2924769765150175,8.16693395172157,-0.6947909238283743,0.0496764183990207,0.0568251661613313,1013.3725490196078,0.5584313725490196,0.6514285714285715,0.4472528718118187,0.0082494957137232,0.0079604458507583,3.826036713856409,0.7805426064275146,-0.9791070498893412,-1.7567605084197415,0.6361707419526355,-0.3921581517721371,0.2789502331346513,-0.1225663731056905,-1.236545271704562,-0.1242188195156238,-0.3738924451453362,-0.3677524471293317,0.3123137676593575,-0.3721202734918204,0.1253301313443592,-0.2060595406470304,-0.0093616550903423,-0.1478711360001581,-0.1997628930627801,-0.2503299145187963,-0.1326582904198731,0.1191346895001855,-0.1828355895814268,0.9937181396266844,0.3689995319693682,0.1547450017187585,0.1909995112940953,0.1108433433226728,0.1025766368515431,0.0879622959905347,0.0793523985186182,0.099694803976227,0.1256856897995547,0.1158639953406669,0.0550651420619735,0.0412642582084488,0.0424266210702662,0.0265313854417778,0.0337379344190844,0.025854418485629,0.0244428760670931,0.029385008392966,0.021051778578389,0.026605740896866,0.0282195342791637,0.0178890693892192,0.1634572515828165,0.2923748224747497,0.2468335026333879,0.1895331106284111,0.1333270028429034,0.190872197136583,0.133430475406113,0.0790616146074252,0.0724953374070851,0.1175935272662489,0.10118394244073,0.0881555265518379,0.085552726525759,0.0651397614752582,0.0636630088862009,0.0551450717292229,0.0378833527186465,0.0334274054937626,0.0371628764546844,0.0235294650570269,0.0302876091817079,0.0247555288614012,0.0244341634016858,2264.705555017525,2253.269318034589,2220.2152081428903,2167.4879491191773,2095.89204985622,2005.748403471194,1898.6568108347367,1777.2213851763347,1643.160001948619,1497.0131304822917,1339.599016796502,1172.983268461651,999.7157441429562,-0.784820010695658,0.3484102818073804,0.0003051961133274,0.9178703777322844,0.350078457339061,0.0539396927575591,0.2971014622074868,0.0232715687497688,0.1016606904186421,0.0060391132736859,0.0387902946463172,0.0357830628074326,0.0521609277012681,0.0021522868349477,0.0077748348297789,0.9221805682412352,0.9221805682412352,0.8774234843807035,0.929867627542864,0.013722491090408,0.013722491090408,0.0211896810119592,0.0116881326329951,0.0213237518639062,0.0213237518639062,0.0342570826236263,0.0232926082722617,3.769444934e-05,0.0001246608581549,8.333333333333334,-1.0791461563097875,-0.05300178964236402,0.36465062860916414,7.218770540010486,17.518429896121752,0.240182750455343,2.252311047713017,2.520798922366665,0.34541819687874786,9.532725150388606,14.950187045162831,0.1923741548070526,2.7840520705657434,-0.7958236916268769,0.1295207899742833,1.5265626669484702,2.0455459409742422,1.3848475550486465,1.4885165009954513,-0.4887817191566263,3.628786547878,3.295194409142576,5.395658706713256,8.336415645211904,5.449563888175463,5.864800725645661,2.1090503359180026,0.00013254154308956585,0.01156747358719411,0.006554543977020367,0.36182919260279994,0.1528847821814404,7.019568557048837,12.894370267709649,-57.302228324581066,281.04827648832605,4.804190766944777e-05,0.005538687099789136,0.0028271827575116963,0.02613963815579099,0.010933495613907088,1.410237081573068,1.788186870565076,59.91202590002246,442.5917533248156,0.08002756062596761,0.996993920879174,0.7325964678691016,-0.29426103733899506,-0.6976753659873349,0.307081189384407,0.5060168648039371,-1.3958278355643274,1.7667270445719885,1.86474084481376,2.809635755525581,2.5258197764748185,1.6641114170512723,1.574427352409451,1.5936959394995376,1.7252305145822864,3.5494981830117096,4.161199321046841
7.70554984738e-05,4.81424567895e-05,368.85194444149107,21.96813171904504,7.351459777925971,6.572771942301976,4.817851813885982,0.0163098404679417,0.1889419213615287,1.5574395661650309,4.800542560529913,3.1353985780060847,2.2064530234744084,9.411572751054905,4.970805429302676,0.0037289442570539,0.0442231905449533,0.5413186446275443,1.97945279728932,1.1167965758884577,0.9910879582569871,3.6645052235897166,1.9646734819062444,-0.4796154966758141,0.1134743587733952,0.0267797722578864,1013.3529411764705,8.712941176470588,6.588163265306124,0.8883735958630188,0.0418066821020111,0.0228700458513721,1.4689904353245262,-0.5669750437392093,0.2089899270224663,-0.8224696047372528,0.6680089549385142,-1.6520015960225152,0.6418775736731004,0.2971439129064262,-0.3728059686479813,0.2600376340591361,-0.0155838234721854,0.0277485421578471,-0.373420282680375,-0.1485582539171658,-0.0386905698553643,-0.1812888527533407,-0.0337302641435356,-0.1257924667213782,-0.0398604255796133,-0.1932226829769869,-0.0367106224485599,-0.1148940161400947,0.2548554983145277,0.1639324804794701,0.1782361681520445,0.1707618692412808,0.162854452475035,0.2120801466904267,0.1793716468136239,0.0986681257835582,0.136550523079423,0.1203856017809179,0.070161614866591,0.06574130522723,0.0562804096053611,0.0825107721626657,0.0402014237194145,0.0399148130965725,0.0283286456641573,0.0401956136659191,0.0289514470374273,0.0217008645387471,0.0227260787429382,0.0212621140876158,0.0160576819835818,0.0228015380365628,0.1857076771587377,0.1507687262149017,0.192327530807403,0.1497530902773534,0.2115323438239001,0.1530526718448758,0.1220782361526612,0.0934543993182395,0.1111250417029598,0.1202099763885338,0.1058546645868808,0.0646251099525162,0.1241594507560545,0.0482236693218873,0.0560800386573538,0.042338304661783,0.0537385564295254,0.0337145090546263,0.0397915106236219,0.0363442031155954,0.0328337934585358,0.0253542427974127,0.0287104413722313,683.6905435061148,673.3983587008606,644.6275308754061,602.8181533129357,555.0228440778321,507.96910620544094,466.3184094559974,431.4984495214367,401.6052324248989,372.47788093619346,339.47496236739505,299.2954760886139,251.2300534980237,-0.1178925544059612,0.4175715750570541,0.001645248357634,0.0995876104512196,0.5905076664245409,0.6856555699447447,0.0822467752803179,0.009820402629762,0.0195801898159524,0.0264618965307909,0.0078403236560137,0.0121966983773381,0.0072533979913146,0.0407855199680478,0.0063174289563213,0.8645661565113144,0.8645661565113144,0.8269778588901496,0.7590896922121118,0.0410722188042181,0.0410722188042181,0.0432914292990629,0.0668846284500776,0.0617109265091497,0.0617109265091497,0.0657810412409342,0.1451911649769903,1.58854759451e-05,5.34792425353e-05,7.792207792207792,-0.4673860902587649,0.42300789416905926,0.2632598235200163,6.553996489898246,12.6309989309856,0.1006520716979316,3.6441372371312895,3.8551495370337223,0.8864368489921807,8.048584031500699,8.908814250632128,0.15093244475432094,1.632489313940215,-7.586903591058236,7.716758767714253,7.994464888178767,1.6119104081733657,0.4088396353712164,5.844023241547411,0.4384692186325047,61.641381865319524,62.733046097823056,66.26637397138401,5.301927508804876,2.165859469877869,42.27307411434081,3.40780494118048,0.0002070494220484264,0.010676123525291776,0.0065927047664400724,0.3350129929261769,0.1329439916282011,5.194442099200277,4.966982696429009,-3.603557612891596,54.736946607198604,0.00010528880949690143,0.0012272173474225706,0.0010235624460613686,0.03030006471076007,0.026532916885892315,0.9115923007887692,1.0278802498467288,9.953344344884558,37.3689267774377,0.623237106424222,-0.4092535333972064,-0.6960298022209742,-0.1877720996161461,-0.370647513776973,0.10448606235453048,-0.7309481798801247,-0.058015309680009036,0.8726622120009133,1.9081902484695836,2.163928195390034,1.8646714941932452,1.4158992003884032,2.0948408821128752,1.199074293423283,2.3535331848851047,2.5470075637606704,2.554632280146554
0.0051561918073748,0.0014573088703661,473.38431445601054,232.3404614410109,58.122157769571125,69.95757067218038,7.008688758574917,0.0160624482325807,0.1116723311596268,2.122409045274372,15.308326614512755,44.8234347709038,24.188755375309306,6.53045416502156,1.4980855821490802,0.0097792928466011,0.0202940907344909,0.3416970030820462,1.8784673608866,4.727582653582309,2.501404722960396,0.7322642499341415,0.5890979475008615,-1.0128988588872134,0.0307860205813675,0.024798895784108,1013.8823529411765,0.5458823529411767,1.1220408163265303,0.3506872378275896,0.0670163839375533,0.0232386963637082,1.5315321283935115,1.5370278507580524,0.6404422383679501,-0.8725921180988786,-0.0677196587665609,-0.3815912874349805,-0.1959576684022704,-0.4837401213120664,-0.367082423211346,-0.6270324639787384,-0.2585927493069153,-0.2209178357357371,0.2381604591817993,-0.1757645063774787,0.2672375302053035,-0.4234906865330909,-0.1932678111119035,-0.0465279354326171,-0.1170175182262988,-0.1737255248114178,-0.172668742991051,-0.1086778448074576,0.1733141393894738,0.57628668168777,0.2470304247825194,0.2114401629031684,0.3467712446820453,0.1110520036871541,0.1685178588170151,0.1552920014462098,0.1067835386388874,0.0997790197850151,0.1196618608799155,0.0811754902052411,0.0481571517159295,0.0471109509048671,0.0456088077943625,0.0484063183426145,0.0499440348396585,0.0203582902897041,0.0261565121128211,0.0251688304634497,0.0232850320332832,0.0234975605698116,0.0259621696939155,0.0187635519694455,0.1383198235135243,0.2638580761205037,0.1691622421892223,0.1733228714837573,0.105018621334558,0.112320320338037,0.1576752077868429,0.1040070066164781,0.0705323509299157,0.1050207877017136,0.0937090305488971,0.0613555349679787,0.0663705843429581,0.0608716721344682,0.0531009408383337,0.0394790372250283,0.038120588553088,0.0355255198230113,0.0285084908331419,0.0339370601891971,0.0217807728196137,0.0252203164443975,0.0280517648406431,2377.847885268781,2371.4859348202503,2352.8516570477614,2322.9965202689427,2283.0839693832568,2234.0861739192396,2176.6348606925053,2110.9435733056384,2036.8356988047897,1953.951034503068,1862.0747558903718,1761.3743589740727,1652.3481571556315,-0.3343403176116388,0.4328560072426829,0.0005609339679522,0.8507155955744053,0.0937174839846225,0.08931015283469,0.4719033664934367,0.0327605488534219,0.0219734775085385,0.0179855918757871,0.0180786851762096,0.0663122045271227,0.0267934366618585,0.0138344854087363,0.0105421886079674,0.8434207249272643,0.8434207249272643,0.8463163451698349,0.8225044090070727,0.0363343333335861,0.0363343333335861,0.0315711262380266,0.0424728928704191,0.0634744787093712,0.0634744787093712,0.0601603023674252,0.086942726635721,4.53284357422e-05,0.0001195184170133,7.6923076923076925,0.517483699625523,0.0944418750859232,0.28996521366262173,5.135037944190564,13.848482460173981,0.1704467562683399,1.7515908265039053,1.4428767298709386,0.25053608622245804,4.77800991064433,11.731315520228495,0.14200419665717187,5.703493099717229,0.23854970890226096,0.6406559606197947,1.560701571476077,1.22949552778522,0.9525534720047896,0.7034219083595156,-0.5535961082660131,4.186308317323944,4.182471445085556,6.41651254687454,4.529189358344971,2.8015749916245647,2.486569506535468,2.4023516146116166,7.855721276887836e-05,0.009680843733019787,0.002764986872338182,0.44382231102541897,0.08882941156104052,3.970340606714932,10.711832155237632,32.941113451161094,490.10967713959997,6.228444270211078e-05,0.002743956167587833,0.0005687693013807849,0.0360132533218224,0.022645042819103508,1.71361225081766,1.8729547145952177,72.75604039250524,640.1263059326351,1.4563559851301275,0.5417477957495955,0.0594583667540329,-0.8286202785885037,0.03175655930482916,-1.2197625980729263,0.34887633609710555,1.4195237840062684,1.4479222297538636,3.676474498247716,1.702486720125333,1.8426126420271771,2.2229746723033,2.091791518510514,3.4485157885292126,1.5605188259320715,3.3914005193566825,3.490858791555293
0.0001220810164445,8.948098528e-05,426.1526902336224,13834.782666176898,10194.355477715786,15.6201317440715,14.848694240895558,0.0081939701893062,0.0388487175981895,0.5613722742859213,2.1010453756854046,6.581209938751448,2.892382358356997,0.8827457115677753,2.1610329463356828,0.0084054726622675,0.0292148295043855,0.5168918469493502,1.9539639967519375,4.337898076430925,2.8648117526686487,1.0508339172017036,1.1486964243925906,0.2503824693194833,0.2017639772902674,0.2481286426435418,505.5294117647059,3.054117647058823,4.163265306122449,1.2550346385215572,0.0104226111757884,0.0215140661538737,-0.2658863056427328,-0.36153674674211,1.0838252592387947,-1.40669136010583,0.3447829505290189,-0.7840867572629772,0.2915344697744052,-0.7518670573813688,-0.3386818177936757,-0.182167408682939,-0.7990852632189585,-0.1016228513595473,0.182824804014311,0.0228068888993493,-0.0617708698200446,-0.1287982139687171,-0.2282437887356424,-0.1948202388258729,0.0271651922080841,-0.2842006537747427,-0.1021090599000466,-0.1173090206376753,0.2255598082582504,0.1868809852129781,0.2416326343496279,0.149698634200604,0.1825558917914819,0.1470900981362857,0.111450893647537,0.0918669906248021,0.0799832254355676,0.0418934242020197,0.06097598753796,0.0508291382821232,0.0222897759822023,0.0502644785281507,0.0344640950654528,0.0275882174322189,0.03256424856069,0.0267712963078849,0.0227037816403634,0.0197286155673232,0.0269428664565702,0.0224848018363918,0.0143050396405159,0.0153614377705268,0.2790630464936149,0.1770036758589728,0.3023269000757546,0.2922749722478945,0.2255988234832479,0.1109136588632168,0.1101849140575801,0.0896549522791429,0.0459242572417174,0.098295294480929,0.0510159011572425,0.0331532670287001,0.0965807100466895,0.0733853585612506,0.0444594358098739,0.0696630191331761,0.0530393881625826,0.0380328083072921,0.0357810427565117,0.0276349041399099,0.0353909061309666,0.0213392767804661,0.0230913007072904,385.07874232061084,366.04781815446285,314.15986386489044,242.7508987446896,169.02092563867203,109.41354657871734,75.24641951253913,69.80448683814481,87.86087009406279,118.0438416871181,146.7900939305317,162.84606247401206,160.61225093350333,-0.6894246864297885,0.1878833566846032,0.0034636003686484,0.8329274746037683,0.2619701315534017,0.163220565114189,0.4350133013193577,0.0339954881972643,0.0652977235165853,0.0257661554295137,0.0410402783183524,0.052296922511635,0.070046688232877,0.0257812039844922,0.0200834944116503,0.7649337600619308,0.7649337600619308,0.8659077239604484,0.8659690883358562,0.052021020418399,0.052021020418399,0.0374053152164156,0.0316167300776655,0.0974708580980242,0.0974708580980242,0.0613619956151173,0.0713458842709114,1.22963953678e-05,4.46175299179e-05,17.142857142857142,1.3132727058465758,-0.2210420880100009,0.3425833335603063,5.367065739184604,10.17663535785941,0.16266062813691828,2.4155404882884945,1.6675251836408673,0.44271433261599286,6.653628304822939,7.347648594956304,0.14420772105120147,1.6597380788246603,1.911573381155488,0.8809383771349152,2.430150572023744,1.5904070968318116,1.0978000172842208,1.2668695993502306,0.2235354953590521,6.82835219734964,6.0928672216129245,8.788402930251225,5.356709573527852,2.945157536999898,4.063459557369498,2.5388215054504966,0.00011740455165288345,0.010372591882174894,0.004225093503280868,0.4976265460257852,0.6572465212677665,0.5143442591737079,8.437123910099897,-9.23122077297438,16.578447741428672,2.298866800021303e-05,0.00153306773328773,5.93832200636254e-05,0.1097957166232714,0.4942590183040586,0.3458743406886661,1.1112284201849127,2.218652790453134,3.39736129820839,-9.090484788201985e-16,0.0,-2.1879420273274447e-14,-8.191323544687176e-16,1.7240414185311872e-16,0.0,1.1327348048609523e-15,-6.506121610972031e-16,8.15412776867913e-16,0.9999999999999998,1.0,1.0,1.0000000000000002,1.0,1.0,1.0,1.0000000000000002,1.0000000000000002
0.001941024544719,0.0013007286977893,445.2846117819543,3136.534557919849,3673.3839878825906,42.5996526844628,8.338483880389038,0.0064150909320269,0.0901550521428401,1.7112824209948587,8.398801715245844,30.104549210709646,14.581485612414237,3.673581643807573,0.9870971858468992,0.0097704544189439,0.0661103842253714,1.1721195643472202,3.531987388126391,5.783713093058033,3.326906213072661,1.074090461476241,0.5710761321509558,-0.8011475804821185,0.0596044009830167,0.0830167040849863,507.13725490196083,0.2007843137254902,0.2648979591836734,0.8828910026815173,0.0557916629614762,0.0524401671954677,0.5431256289903782,0.6773714658455355,1.9898301805553027,-1.3092139484263776,0.5128394035093263,-1.0448471400344346,0.088657342922853,-0.684631664824998,-0.3871760489221504,-0.0330759984068891,-0.6081563967396717,-0.097921453793639,0.1084309172402247,-0.0350426906817254,0.0256845189389892,-0.1056703010501891,-0.2074762045437114,-0.2560043890617966,-0.0385649380941099,-0.1774154082751895,-0.0289389577559436,-0.1774852582462855,0.0846268967218726,0.1445418383617317,0.202121059002644,0.2560387968153462,0.1945617964083107,0.1158709188629128,0.0702035435183125,0.1992128361142704,0.1572751368510174,0.0837607625644659,0.090163927676831,0.0579179885299696,0.0556793999846392,0.0778014126347408,0.0318113657784407,0.0333067693257917,0.0491162295432825,0.0352267609818569,0.0316485975368747,0.0198463612049828,0.0244879211249992,0.0222993136853633,0.0284908001361059,0.0213319471121092,0.2132207341423324,0.2990507616927539,0.2939445013627286,0.2000842735748551,0.246281678759241,0.0932817745846701,0.2181169667791333,0.1435689616751676,0.1117035742085838,0.075470658270291,0.1157266878766262,0.0995968591175031,0.1115426149165889,0.0600136280289872,0.0693677635454987,0.0358903542180769,0.0472015214014195,0.0696245180164671,0.0365525652108073,0.0437889375052549,0.0342863381572817,0.0327595419664084,0.015023609054735,1131.7553610538432,1118.2906750843567,1081.1594407393266,1028.979355046769,973.1036797362398,924.3321916714068,889.8168841071467,871.1694716694349,864.2089055156,860.5511419025065,850.3485245852421,825.3418333342851,781.2567674139892,-0.7748548817544147,0.2954309522960301,0.0014491508753235,0.7726000064798932,0.1282517052499851,0.2406500248855146,0.4663590258383543,0.0540736651287709,0.0225403803078612,0.0659025022668088,0.0158751674669803,0.0822142113578565,0.0242182853266248,0.0207580028033223,0.0201199092706574,0.8065625184547938,0.8065625184547938,0.8185866570558467,0.8239477557129931,0.0526189491585696,0.0526189491585696,0.042669596831523,0.0375119405476667,0.0797579928326974,0.0797579928326974,0.0623229765782937,0.0799695000898071,3.44288981051e-05,0.0001083829622937,11.764705882352942,6.341410070234883,-0.12503416844650583,1.3604692950841297,6.480845922080245,13.712174491415638,2.082864350047351,29.74564866340782,42.41321228031169,6.247957067872767,6.379032603657494,9.25774592825398,6.661960331152826,4.162208626948081,6.336567942264325,0.1246325761533347,6.4211250303734415,0.648802174824855,0.4094014725449776,3.4151011202171064,-0.7069640757879804,41.445508823354565,21.435789129548148,42.49663284458578,2.2133997834897485,1.7793785800363704,13.169755767604029,3.1395512799519394,0.0006950450409851967,0.006999536869665156,0.002421133276125292,0.4541665724988748,0.11908456452267523,3.171051578539051,7.9956428700869555,-31.261381110233486,128.2824753530521,0.0010240696506216397,0.0006534065498742661,0.00029639721179493007,0.03732559385616554,0.021724827553213307,2.959962059705513,0.9065190863353534,16.247084786532763,120.86056403422997,1.1484478415138455,0.5958405990855116,-0.7442202097962431,-0.9209951382612162,-0.09955451387060249,-0.3483426222507319,-0.2440732280062156,-1.1000966022188057,1.0326864800723266,2.328335907033247,2.005095984267848,2.1194761291621917,2.1151220651582174,1.7947494509503585,1.6774091679373588,1.8161933482455608,2.296358953698417,2.256552555551788
0.00019738305659,0.0002391604091162,473.7732618655867,14714.68698516429,25082.450468167634,40.750726136387236,28.057056655466777,0.0023700213748934,0.0403383594144863,0.4806857267868487,1.1603118447369047,3.699263643814504,3.1625500123789085,9.528372103593378,10.08999441955869,0.0016340551444866,0.0281210861654183,0.4224195097943479,1.4788199134002051,2.9218340332947728,2.1086751670726858,1.7276718079387705,6.247960994127478,0.6208906538175617,0.2063122378728634,0.1265451153836324,503.8431372549019,3.2549019607843137,3.3877551020408165,1.1390014930706345,0.0285963820609874,0.0246835098558651,-0.4952079613191128,-0.4304250542478998,0.483005604326156,-1.3496535919248505,0.1310648715120291,-0.821375139777352,0.6566196198678342,-0.9689062475829774,-0.0545579566903956,-0.2617402537743385,-0.6932446976174944,-0.2716413725675278,0.2657472462299323,-0.0615733200529349,-0.1311308884563345,0.0026251515746031,-0.3610160375475279,0.0602707874131583,-0.2288341624041897,-0.0599244460261796,-0.2958502795499243,-0.005201771333762,0.157133139495923,0.4150903241663257,0.2366847953729949,0.1484952840379629,0.4544478261410134,0.0963402184340202,0.1541711559217793,0.1236865515627089,0.0848273126203122,0.0782725549059379,0.1034066773130791,0.0895729809177969,0.0398240151039584,0.0527174059114749,0.0319014446740743,0.0450308778762899,0.0549289553927344,0.0494128601151144,0.0200211525834528,0.0231342154404817,0.0171631549044124,0.0307322558790071,0.024595498531648,0.0117722303418093,0.1977390213206429,0.2754281316351149,0.1834369510219633,0.190874323059811,0.0807690398250478,0.1314907005097818,0.1373980531420636,0.1294256237054861,0.1003202672405436,0.1138492905656409,0.1248602785486783,0.0761685066156196,0.066522861136167,0.0313713257413282,0.0662413970043559,0.0592894016342975,0.041737051221329,0.0304759759795366,0.0290855710701276,0.032552961257955,0.0219313915140561,0.0169933448736548,0.016458291814928,1038.07579049094,967.7873441267251,779.6793800080236,529.567820197847,283.88545264912864,100.76940551557351,14.484129703921319,25.771262917016088,103.2067482060972,196.57608384356962,258.2887570014384,262.5286658282296,209.72309937336442,-0.9619325035288274,0.2859560374067783,0.0035310642164141,0.8097768593849349,0.3469016321591089,0.1509451429221292,0.3415602639406326,0.0448074367238367,0.0687761567977223,0.0362329265192016,0.0243230678197153,0.0873422460259157,0.1135312516805456,0.0108532128939301,0.0148840887234071,0.8628910564289631,0.8628910564289631,0.7371504558870262,0.7581698659711501,0.0372676540595324,0.0372676540595324,0.0571823474791805,0.0609084067773704,0.0708461766168862,0.0708461766168862,0.109596421963321,0.1338741062009058,8.6827536507e-06,2.77546080598e-05,18.867924528301888,-6.088464943890758,-0.13003406701819925,1.078930714314987,7.083304049559935,9.120623706955865,0.845756371276475,45.5203024048752,67.35759623189608,5.944946481255113,7.637602609762797,7.861173395644677,3.346521518982098,1.6106797179768586,-6.231016476438732,0.03829186169433299,6.312706704706509,1.291363499278708,1.0092242143328003,4.81632667255631,-0.6732072281985446,39.896304234010714,20.482452698635832,40.90961483639008,4.822333758570438,3.3126935707607683,25.691901684303318,2.322313972314952,0.00013599886660505128,0.006745057489112536,0.0031532569090934413,0.36063720509874575,0.1901034980763302,-0.9000832726064804,10.34295264295989,0.007360921612488358,20.55487073921881,1.1258550786183633e-05,0.0006672132682611775,0.0006673530437582185,0.03384516263104517,0.06115201011635735,1.6695519003881847,1.507653784397717,2.0663589699957168,4.657637594615557,-0.2040515661264536,0.6878201856986056,0.7062747742408994,-0.5125986546252177,0.6704642321077847,-0.10993142703803624,0.6427979856115494,0.13516447577307522,0.5970918208347724,1.5,1.500000000000001,1.500000000000001,1.499999999999998,1.4999999999999998,1.4999999999999998,1.5000000000000002,1.5,1.500000000000001
0.0050576522106392,0.0043131446803743,519.9957518832665,57.745388208535836,23.79617953077552,18.19042247622904,9.773610086582824,0.0155881523258689,0.0144084962025338,0.3082146288823485,4.975954658395785,15.365363956788348,13.127634497231005,6.221661608323156,1.4771057050815082,0.0190989147092465,0.0137877808496249,0.0951650993937606,1.5917701096850188,4.924877489317864,4.352616234790536,2.1543630595069256,0.6831049810298463,-0.9498085725264672,0.0026831008301735,0.0007306414971674,507.01960784313735,0.0996078431372549,0.1208163265306123,0.2832872843881723,0.0179192347481103,0.0049073071455765,1.1414545375856875,1.5727097378416877,0.2691384244665766,-0.6202898825116147,-0.1777205884277534,-0.7562276314561002,-0.9794351194048858,-0.512386875892832,-0.4244615417787582,-0.6155844972410967,-0.136119729413211,-0.0876681112356674,0.2529101297488856,-0.3250630339612123,-0.1635737662686639,-0.5156187370291657,0.0875622662800522,-0.1807444235354598,-0.1626847632784024,-0.2408510005653812,-0.0023847089020021,-0.0236188229951269,-0.1130890727126507,0.2693640891907967,0.1193132891004804,0.2709991964682622,0.1780567168168078,0.0998613810390091,0.4111369420780157,0.2255366514522962,0.0467005375731878,0.1291774408162273,0.0509221497704992,0.0711050199813037,0.0403137537159784,0.0209123866461079,0.0229678852132021,0.042123628501874,0.0219231635969812,0.0259158327618681,0.0318950585272683,0.0229703312373314,0.0242134178223688,0.0254301347353358,0.0266505277394663,0.0161052298910494,0.1081213673470906,0.1028227046518185,0.2096231531769752,0.1577434959387307,0.1238123572479482,0.1038711465456104,0.1951488629628692,0.0610691458678657,0.1238514802813007,0.0556149611791068,0.0871026143576302,0.0498443213339443,0.0366716240939327,0.052091039321476,0.0362708359333212,0.0270387936528355,0.0420840549049344,0.0353406522644264,0.043145497921555,0.0364635097979815,0.0215830806723858,0.0327261972619551,0.0185424642430836,2923.690209003022,2913.2241132673225,2883.2873617433456,2837.0382263700867,2777.632178784187,2707.0977494532995,2625.7368979018524,2532.441106519725,2425.6864146292332,2304.803195331156,2170.5633430369053,2024.8149744354923,1869.4940128162866,-0.5597908286131086,0.2402983509515329,0.0001544845203087,0.7364202002338432,0.7162919536353919,0.0978040009657377,0.0833686772486134,0.0714544527286115,0.0385783637823206,0.0142614856365423,0.0075443504097181,0.1649094466599951,0.0695805243796859,0.0170184895729365,0.0069628267571822,0.8333400699249119,0.8333400699249119,0.8647710827858692,0.7635127746318741,0.0429107724143943,0.0429107724143943,0.035407682929181,0.0772192011615357,0.0896878955806854,0.0896878955806854,0.0711402393372557,0.1237297370531826,3.37053265037e-05,6.72788306798e-05,13.043478260869565,-0.007558906083676657,-0.3842239473661184,0.2606736203938123,5.907940275198691,9.814991713359811,0.13602145732006615,2.3796570391298126,2.3714371199376956,0.37328757901749643,6.7211182255746404,7.479668590042931,0.1296480345693274,2.100631300195204,3.717164779547832,-2.988308691607385,4.956690264143512,1.6569977793596251,0.7666005207829178,1.9129769718071612,-0.846898168733616,20.374767126282578,17.094564418453004,29.130474350164402,5.8216329389673,2.3929901618303018,6.383359617406591,3.01806025678805,4.0707889637676645e-05,0.0005704300908959625,0.0018377298967436632,0.04011339137029962,0.12941995307562434,0.7384626055314253,2.922202802967522,-1.927474372765466,9.831636635687188,1.1544344686111662e-05,0.00016670380580576896,0.0004797157887745671,0.0032183658992029286,0.0097726486877339,0.4673168741381253,1.079404764203293,0.7630017585790024,7.28458281853842,0.6792212591866703,-0.4844219230036048,-0.3703837207330708,0.6362103016352258,0.3577548266821504,0.06355032367445533,-0.12511338287198562,-0.6478132637043489,0.6954396761388568,1.5000000000000016,1.5000000000000002,1.4999999999999998,1.5000000000000002,1.4999999999999971,1.5000000000000002,1.5000000000000002,1.5000000000000002,1.5
