1.8048503056e-06,4.032980202e-07,363.57509753316026,1662.5948934802573,2882.190623403412,9.88596519211084,0.5581902606227861,0.0028584810590075,0.0465459408639208,0.0657872949890294,0.1104657299339836,0.15674164452364,1.158721708044837,4.617567059982768,1.3672453296539262,0.002861243884904,0.0189882801111916,0.0385493584542291,0.0619928293129045,0.0278283190890396,0.0947350183377922,0.2885716113853526,0.1727142047086234,-0.3934948363441692,0.0331489128233388,0.0028004373028727,2018.5294117647056,28.01411764705883,2.090204081632653,0.5356344724358347,0.0058210867540017,0.0015634335573736,1.0246266218134792,-0.7381582809576199,-0.7044449975806093,-0.2703497860935697,-0.8642558478959799,-0.918102871369456,0.3158256611880723,-0.3830510476306394,0.3458126284083256,0.1267956923632052,0.2057720738080072,-0.1666852820015528,-0.2025896740676648,0.0915462688169875,-0.0967815473630924,-0.0800469413834919,-0.0008840637012625,-0.1909781795361948,-0.1038177033556929,-0.1469677940711141,-0.0631602443113101,-0.1190473493316295,0.0497300407246996,0.2173314218259973,0.1048462690234268,0.0953516734434234,0.0843711077964385,0.1487587951768942,0.1873326673173356,0.0613338014903097,0.0418132812513869,0.0345737575942575,0.0384044434117811,0.0888688595208894,0.0298247602168475,0.0598539893181584,0.0395270055372366,0.0157240412891877,0.0181351382055612,0.0186966389046659,0.0188601618712154,0.0077857884414614,0.0184137867725308,0.0196985536857134,0.0311501755289686,0.0140533245453678,0.0518332974023284,0.0533307509071831,0.0377677789707902,0.0424815150515126,0.0450384938149861,0.032474374357064,0.0405717068631419,0.0381761939339873,0.030428955031073,0.0486822680615223,0.0347453730115076,0.0290776831448514,0.0282099153908712,0.0176263810716745,0.0177323972223043,0.0151689852262859,0.0154978418779073,0.0249944948389546,0.0118191954872599,0.0254725644647687,0.0248916082923017,0.0352600394193971,0.0148898291623116,169.6859116568525,167.94013057575904,162.99118709887478,155.45761018256292,145.95807660907954,135.018359692633,122.99995582439234,110.05310443938988,96.22800833296036,81.64382758879239,66.57696124093766,51.42015184804865,36.57746533513044,-0.4718940350954754,0.5229949811309017,7.18956788724e-05,0.5241124073926717,0.6372681218872001,0.4302496477171653,0.1382043812981076,0.082613103578813,0.0504410708582318,0.0567135458106435,0.0094104960464594,0.0687350475113693,0.0201705731078825,0.0260260954805002,0.0099713983836258,0.7886869652297596,0.7886869652297596,0.7889183021076666,0.790041243980884,0.0557464619716265,0.0557464619716265,0.0488876261100008,0.0513910111067839,0.1222692716619842,0.1222692716619842,0.0845652323053189,0.0980514983005536,7.349703128e-07,2.0806091325e-06,5.084745762711864,0.2179210869358824,0.05416987714454949,0.4086119994866509,2.6385165679943787,4.474152104509262,0.1852127599502488,2.5716416930339947,1.2649957224409272,0.4375465630132057,3.0393808789195984,4.002086404501523,0.15511166142015506,3.02802106869695,1.2659518146582167,-0.12252105306690135,1.9055359159697676,1.5793111069805368,1.7491061940808825,1.3189099079417204,-2.027399283977221,5.347023026009226,6.433103247805656,7.175420421292724,5.728941115341101,6.5763094676433,4.633633774380021,5.984224669724222,0.0008831218882392483,0.007218261642942414,0.00367901925777934,0.3414734098433548,0.13264636224709728,7.069946671060704,3.52542964245044,-5.296915224091852,25.277661906200645,0.001026053914558368,0.004277503344403118,0.0020278808712578425,0.1044029703292984,0.028381012532768812,3.0850042128756714,1.3953184050514087,22.214241534145437,22.615393257162562,0.9809894985262299,0.9967748614563264,1.3356781223548526,-0.25038286527453585,-0.7228521390379684,-0.33867130198049267,0.4478922548816416,-1.2661382189263288,1.689083961987765,2.1940792786897214,2.7705463152088923,3.3728568719090335,1.7225676314818625,2.461133202843664,2.0363800652078075,2.806343240926045,3.980289857845516,4.7864644979465165
0.0007177488095497,7.07570438321e-05,548.6376246064233,1438.4509252397538,26.48508493963062,74.20728660340593,4.383313675758836,0.0020721119872852,0.0103119756363085,0.0214373929826655,0.2107727711234583,1.0855430705099347,4.611995269456181,2.2001511289223226,0.680667906046583,0.0033621492712582,0.0174637766811705,0.0325051194457994,0.0159522274113148,0.0446719371676501,0.0775875636512273,0.0449866300536872,0.0539802131259894,0.7300637715778857,0.0192704993157001,0.0023272140055112,1994.0392156862747,29.998431372549003,11.875918367346936,0.5295951350699213,0.016172768048085,0.0021300263088787,-1.087666771224646,-2.164837112727716,-0.6576860581019606,0.3929918395452871,-0.4952386776701397,-0.118087069194064,-0.4096770309915211,-0.766594712282722,-0.2957745720723348,-0.7445401279816887,-0.0713799427274076,0.3271130173590832,0.0600964109204512,-0.1669487896410052,-0.0521332379978972,-0.0431646860182047,0.0252022402684252,-0.2912977531086002,-0.1399490276356174,0.2460666370263982,0.0242592584950469,-0.0879808598153761,0.1456275529403275,0.256115331426389,0.0746198722117045,0.1118910461287564,0.1403099022225004,0.103817532272593,0.1163976909244611,0.0848272993916683,0.0644163756857725,0.1298215797833215,0.158431079784641,0.1760839789189454,0.1945543293851546,0.057918909111633,0.0680148627494403,0.0212676302127929,0.0269981719961723,0.0502910313057565,0.0355244096160269,0.0637527704943778,0.0715795929308443,0.0296693242169777,0.0128422811103005,0.017342053832785,0.0666842443166899,0.0431310375112702,0.0699276130241048,0.0744020549033836,0.0451208593798348,0.040996623382429,0.0411609514211202,0.0349505486128857,0.0392256892263946,0.0407517273873109,0.0312891340909175,0.0335259555452697,0.0326891659941379,0.0262928932863409,0.027355191307414,0.0252688357369632,0.0232801346662822,0.0189755432575585,0.0205081456708204,0.0188921095626964,0.01790576396929,0.0143307872428558,0.0148870930203001,3271.80367215609,3130.7662181404835,2735.370559658535,2155.4780012008487,1474.6763691209203,766.1369572116803,82.61900141256262,-540.3136884485043,-1075.0863050671974,-1494.6564944808813,-1772.444783289496,-1890.823513163416,-1852.3252683592143,0.2451656128510651,1.2397271103036238,0.0007857161683564,0.818671597529304,0.7088146317551701,0.5707331978529644,0.1330129465598539,0.0450084631478938,0.0427710509588641,0.0628339390374946,0.0293523213637395,0.0905516647214248,0.0850087442893335,0.083341948641042,0.0093792474491059,0.7998364305444744,0.7998364305444744,0.7901049433810519,0.770564760193863,0.053606550964717,0.053606550964717,0.0514268098141996,0.0548950056914747,0.1220257256679555,0.1220257256679555,0.1015594588902087,0.1109840466987642,2.3888711085e-06,6.648656714e-06,3.0150753768844227,0.5330112984850809,-0.00526033190459608,0.25212152402211696,2.6396778455349295,5.976930343001574,0.10147634312261485,2.0270627543237936,1.092118311256723,0.2491930502267619,3.5101779777861535,4.33474594489963,0.09450398554476366,4.471878486270745,0.7088988158297366,0.027406485976960163,1.7149445554012837,2.0269893912522936,1.0314600801855547,1.346007606853674,-0.7042274997613617,4.414603274311496,4.516857936427028,5.964320546302482,7.245557178283437,4.0807681701169995,4.128999212172992,2.378152038838533,0.0009952841482893861,0.00517149654140798,0.003466602559134045,0.13976512868216243,0.08978457618406666,1.3501781552582,6.651573426854568,-32.85891488343609,344.7044998136428,0.0006857958473609087,0.003819333840487972,0.0019905240663033444,0.07872426239941337,0.06544940831503789,2.056554267902356,3.7971537255664978,130.59156146687707,874.6755887529586,-0.03970502050312652,0.4740893065197235,-0.12885505242100478,-0.7129680069886036,0.8308073542817223,0.2058472820724176,-0.4551307860208182,-3.360539993777636,3.2916074848810917,1.5728688200473553,3.0018223547706424,2.5755715048931322,2.4163255285469694,2.549258748063834,1.935861355662396,2.1473788777023155,13.976545606135657,12.754612933717873
0.0002507358039149,1.66785656495e-05,418.21691387025356,621.1515141860184,20.421094468938854,58.905873142875556,1.5834472844171172,0.0014788222591931,0.0087558868318546,0.135064389451573,0.5581547755909729,1.865422046730088,0.7971591137309629,3.1011155211523707,14.117087636221433,0.0026609326708923,0.0070792237664889,0.054630361516383,0.1652273298161844,0.182832061470679,0.0762077959035962,0.2495406120263861,0.785944569331456,0.2784265233155781,0.0331556669434372,0.0061509193133599,2014.7450980392161,87.31372549019608,49.26081632653061,0.6165017628544526,0.015977922526256,0.0036800147400117,1.7123247781283302,-2.567780883879148,-0.8160392621245833,0.5141734166567771,-0.3878277511451035,-0.2974103671092117,0.5860592385110764,-0.608425961732081,-0.0597194901164194,0.2636498277954686,-0.2659198010929644,-0.2908203420716826,-0.368878725388639,-0.081671753748786,-0.1611433061589303,-0.0096078210140795,-0.0835855894848543,-0.165452049996022,-0.0740812315572975,-0.0384217313334093,-0.0125098868134108,-0.0169402138030208,-0.0925889667115395,0.3477690109424505,0.1646689421023177,0.1442181146339982,0.1433857533553063,0.1197616291357353,0.0726734643450054,0.0558948944396123,0.0359225451595275,0.0699715686764924,0.0614190121341331,0.0700025520980132,0.0957043712002167,0.0400804097826048,0.0453399715478015,0.0508481366877299,0.0305661938149823,0.0218850745832464,0.0209348073385706,0.0191562702344344,0.0261332989594231,0.0287051512099863,0.0242905252933338,0.0209881374842234,0.1015662245644709,0.0635336265388945,0.0496004416172539,0.0642306978297571,0.0573822741559644,0.0582452618006371,0.0479227928835472,0.0367225134412394,0.037955517489832,0.0312020487952109,0.030715448208329,0.0329736521803953,0.0331233225640371,0.0353119433248434,0.0241861699085699,0.0254554940495876,0.0181074652728932,0.025783642281668,0.0250367832413405,0.0200583066554596,0.017558060723729,0.0132637075905497,0.0153936839418656,1353.9723559270296,1323.6774288453805,1234.9951284421795,1094.012384646867,909.8927051450024,694.2100090226376,460.01533803678404,220.76032694727496,-10.589871092930931,-222.26505561338374,-404.4341614688696,-549.8660541785849,-654.3271781405356,0.2012174705157058,1.2125827970954115,0.0005375580989176,0.7897356265860461,0.2485506750442103,0.4595153742898617,0.2607341734144699,0.0461899574874216,0.0259987559456263,0.0715846218455361,0.021191389490658,0.0826487085602415,0.0219732381235227,0.0085272491917641,0.0089816211312621,0.8232244991202613,0.8232244991202613,0.7713513664828923,0.8082012149514748,0.0408806460646865,0.0408806460646865,0.0504169423445409,0.0457522406117207,0.0950440238292059,0.0950440238292059,0.0909018123377045,0.0736780833229701,1.7449129029e-06,5.0431127231e-06,3.125,0.04549179919190373,-0.0333743344881098,0.3372125635839287,1.7846760519704716,5.136169985459673,0.09371670115002147,2.133959401382082,0.7768187728563621,0.3165315980927636,2.2491639401220027,3.908837871475068,0.07453545959520083,5.439765790926481,0.6332236598529167,0.40675770610834816,1.565877969855079,1.8493143728095904,1.3125509816957273,1.161856039036798,-0.3663283886002064,4.457220525818988,4.423780954937263,5.896377767754066,6.303376274587359,5.452659072045868,4.754882266093488,1.9595193255791,0.000886463371546619,0.005459806746715406,0.0030997430376757695,0.2913190375975644,0.14251346087039474,2.777880116505372,4.35492817747634,1.4798102872383587,30.314896147170664,0.0009960472111769957,0.002178152909304709,0.0010937208772324126,0.09398151988911503,0.04977045907675338,2.8217361102591982,1.5379373049598988,8.125493169547996,29.326982065365755,0.9129553601373258,0.1633181312006871,0.8089554272874644,0.2347992310377475,0.06157801921990964,0.2905633484516814,1.2413102080167473,-0.7203044219278169,1.9441002972464425,2.0573059370461086,1.928360605071748,2.841513517757317,2.043785881011208,2.1770579151335707,1.8023088367055269,5.876422099913227,2.881561376114389,5.4213187824058435
0.0003024404794363,0.0001540441140334,503.77505419826156,3794.2750960623434,1651.7444900402318,23.740999884748597,10.989756873331102,0.0009500128493203,0.0071539162362269,0.0401402223233001,0.2345588674083468,0.9843293889148664,2.7614321540028106,1.0864029209532082,0.4348607849389851,0.0013374753908208,0.0079524650945963,0.0185414242297817,0.189761809650751,0.5880341980014616,0.6630136472381939,0.2865473081492848,0.2318370098534759,0.7254253230142388,0.0277557578986459,0.0038768449936655,993.156862745098,17.254901960784316,7.848571428571427,0.463784449904052,0.0258823019993503,0.0045163486244137,-1.4559238929212492,-2.231015260309418,-0.7630935212203136,0.5585416836323394,-0.1896054548466074,-0.4191712118094892,0.1664931483952366,-0.7241188017161195,-0.130275427487987,-0.4379904535602653,-0.4949178107951543,-0.0850809378916408,0.2852872081124536,0.0439300509932997,-0.0532303388152898,-0.1762139702834738,0.0781450926328829,-0.1079021006009627,-0.2632232381177157,-0.0342249079029832,0.0933700814718697,0.0091893674445933,-0.0446724910164558,0.1793884769599344,0.1904709994833385,0.0963587174446458,0.1297151378141707,0.1395871172845932,0.1106379866360991,0.0765489359926123,0.0834258522432827,0.2263122899748572,0.1510372849173475,0.0716302361010831,0.0991319903165667,0.0939906135064199,0.0323651392403526,0.0637511121801548,0.0470542304968006,0.0383024804236306,0.0515984558267067,0.0622433915544486,0.037634881854779,0.0307602827058064,0.0171119741479253,0.0178799680491753,0.0789734257941007,0.1187326139395507,0.1088900840631484,0.0658513242341365,0.0883292978301011,0.0826460032256427,0.0894684729799532,0.0902362908949706,0.0908034976765848,0.0653194090969213,0.0563613000629628,0.0576233773350027,0.0486858004597613,0.04459745492177,0.0664058788280421,0.0262104309894911,0.0299505084244204,0.0409715120819137,0.0277361387053326,0.0284255156876262,0.0257502804453918,0.020416661013296,0.0113137538992619,1349.0444701676606,1298.8402516866638,1160.5114324535161,960.1233595909702,721.2564572107754,461.83790379108126,197.6938764634733,-59.601140256285326,-305.28393602715323,-534.9093512407451,-736.3456184613887,-892.4786513553261,-990.1940591916286,-0.4858951790271676,0.3265131926882335,0.0005531033805514,0.8188884225611563,0.6455348742250747,0.5016437634638217,0.1784672864694621,0.0425444743116416,0.0568054354416548,0.0859537754918909,0.0514564378989845,0.0977021340857187,0.0808306372272589,0.0740366772341478,0.0107461495233721,0.8393285021556447,0.8393285021556447,0.7898652488122091,0.8118488035376055,0.0446799365748011,0.0446799365748011,0.0600583377066091,0.0441797724396217,0.0945786789568731,0.0945786789568731,0.1170394782541826,0.0854825338023515,3.7372450811e-06,1.20952233581e-05,9.23076923076923,-1.4445376102366245,-0.10035212795701069,0.4612785550936677,4.233316832220284,6.86729744818408,0.1324739223006018,2.625107135515259,1.2762576895619568,0.2749752838451189,5.520417533446717,5.218346834000954,0.0869318271964978,1.517023496883266,0.3312514927478646,0.3821894847278298,0.4908816460626248,2.347028841229653,1.5164994482396443,0.8543139820831588,0.20886786804478924,2.419480839447102,3.9581070180332776,3.2797529564836805,10.529241899862711,5.869179062136971,3.842505327380223,2.1053261619035046,0.0001548822012305966,0.0007929402733525737,0.001244042432392228,0.09089466449764838,0.12609354234851006,0.038379687490675655,3.250888806733405,-2.58257016145455,15.333097089920301,3.456698739254356e-05,0.0007120480093892503,0.0004834124841366266,0.0961242337191012,0.0757760569125015,0.39968435915011596,1.3358007410425718,1.7640196153456613,13.0634966231857,0.14351147608147888,0.8840180239348708,-0.3626504032990672,0.8909854098006142,0.3707438206167036,0.4773047581707149,-0.30094769593119364,0.4541021469381245,0.4441347110456434,1.7036676066920715,2.349085026374385,1.3896109678899813,2.1988715341602063,1.228920614875417,2.5158169295995125,1.3432646100983514,1.5054689405466892,1.3625140915262643
0.0003454747205317,5.89564248737e-05,473.47223914345244,1070.1860168188985,52.10292163683224,124.58410231128963,6.929450434773342,0.0024797273831928,0.0103736328255764,0.1213847832164628,0.3006386501269001,1.3672450890353454,1.268920630726896,0.3737928558991339,1.245165317895913,0.0042255639083095,0.0126129623514373,0.0232356303137929,0.1455962918697287,0.4148380384101453,0.2224073838241779,0.070483411695204,0.0656310590638705,0.5478581679315147,0.0642430514081554,0.0085291940356966,999.6666666666664,32.10666666666667,16.9669387755102,0.6104588750567177,0.0274631671702054,0.0096224569122259,-0.567127284066011,-1.7169952798851411,-0.1678753713384922,0.4312194009086716,-0.2273950544602398,-0.0226033154417148,-0.6610578210455175,-0.6023510110977812,0.2248285936871173,-0.4181846630139901,-0.4837217455970661,-0.3783908918333147,0.094705765415821,0.0167175884840725,0.0280138866467862,-0.0735407398945381,-0.1708810246745072,-0.1507338619222928,-0.1381591833973716,-0.1414085479141097,-0.0672955518882108,0.0357793646404223,-0.0469206729177663,0.6852024051205986,0.1299669424143707,0.1498987898745176,0.1012904991562297,0.117265743019575,0.0939653132013442,0.1298447884356596,0.0988128352795328,0.0473894633326129,0.0778475012616728,0.0981894272383771,0.1524892889764402,0.0990667833737685,0.0564757684340174,0.0328212734927647,0.0477930662592651,0.0187673359543599,0.0255742229385362,0.0199397150411651,0.0163770178613253,0.0231085829998201,0.0173818580275687,0.014956461921067,0.1076523221648667,0.1272369871554308,0.0765324636354712,0.0857115681569686,0.0815671585839987,0.0659605834707597,0.0790456316929252,0.0452395434340844,0.044151892295111,0.0352903562365389,0.030000443562598,0.0425631855980851,0.0296204898585741,0.030318866538805,0.0260925680024994,0.028699740854584,0.0264541447710338,0.0231970029520578,0.0223348430986053,0.0223334853396451,0.0202442645208698,0.0171626726838326,0.0141023080103747,652.2516115268168,624.7792571666689,547.7468482402959,434.90547093259653,302.97499963272753,166.53653604404903,35.45676093295036,-84.64204687758496,-189.99800275736945,-276.4400272571511,-338.80234496345673,-372.2080540959393,-374.19771582093335,-0.96301643374683,0.3388995284941119,0.0013016133086477,0.8079096096102201,0.5526452198699172,0.2265787449589768,0.2734065414774427,0.051077481020619,0.0998504903192649,0.0459902187813253,0.023228047901907,0.0946962023132798,0.0480391214717577,0.0205424838167856,0.0094789489752316,0.8482201668328031,0.8482201668328031,0.7937701069364684,0.8214324158682472,0.0310741017414804,0.0310741017414804,0.0400736243421973,0.042444971445869,0.0666677279781917,0.0666677279781917,0.0667530693942073,0.0951063031688672,1.9309070029e-06,6.4017001423e-06,4.545454545454546,-1.2727418433303372,0.03535021714716613,0.5315315479445126,2.9108338064259893,7.250001454910765,0.2080826492917752,3.4679998614601506,2.0588308044042147,0.4427235514568937,3.913673330906113,6.040458500489853,0.20283978275658976,3.949771474905264,1.1688159241448868,-0.39429343184254234,1.6185939685042274,2.2297527559037458,1.5180881544726275,1.4277086142415936,0.4310599805914322,5.988416591335365,4.051830219629494,5.390361245140957,8.263101423421759,6.140157652643702,4.649788258037222,2.478566766244054,0.00011385628172237195,0.0040474345962231454,0.002885147839532056,0.2672805786172538,0.14221744584233298,-2.980430175648991,6.97948328047954,-4.3981729481083764,245.5083223220739,4.549497532609624e-05,0.002221274811368559,0.0014363854001939267,0.09207939448995182,0.029913235042061413,1.564336818641641,1.100615874152232,47.53106129251558,219.28523186932878,1.0461593760788221,0.6201190638756028,0.17961584143873638,-0.1590100498889933,-0.8510827523859003,0.8512755386080346,-1.6953082804886372,1.53522825928001,0.9990227754600742,3.092109077228149,1.6332336861716226,2.1210071157166337,1.8552080446729553,1.875774325957732,2.6599811190975906,4.409315533983495,4.169793653055588,3.0887151224223173
0.0003870058074248,1.68996864232e-05,407.4533857164419,639.2073198739864,9.289469405988719,62.297523734097936,1.19310491025274,0.001575364690829,0.0065248832820763,0.0349231855607166,0.1970962825726981,0.6718846365282453,0.4211905112692907,1.2474796589777826,0.9421786578576544,0.0031238431762805,0.0100714370221646,0.0140917726311642,0.0327545727797303,0.0183248300836853,0.0516385997512293,0.1831189356363773,0.2283454523768328,0.2789914722473475,0.0297211447517945,0.0030363300375501,2005.2156862745092,102.89254901960786,7.146530612244898,0.5820615622934043,0.0159239818738235,0.0015384533162024,-0.5947482145213325,-1.584342081251214,-1.211279350284334,-0.4686922513160912,-0.1981856393987377,-0.1307823378533004,0.1226274386958689,-0.6351278486080328,0.502734341148617,0.2524807727921248,-0.1129870194755026,-0.06590743949035,-0.2934999126100148,-0.2150093018047977,-0.2029764968851803,0.0612430625905159,-0.0645497702903472,-0.2291183538840309,-0.0492350341415817,-0.1264704363279523,0.0098028923240375,-0.0097125024868022,0.0861391049780116,0.1914322664036884,0.1060300059630221,0.0666123245571679,0.2246877134571449,0.1593284011980382,0.0614489746974764,0.0832151887383225,0.0186729396571721,0.0270156044202526,0.0886874303917064,0.0135708777974628,0.0550333954017319,0.0519634324412836,0.035532676421947,0.0839042589399992,0.0126769597142909,0.0131560818680853,0.0137387634373321,0.0125256759087425,0.0149427951699992,0.009751928133982,0.0133696921367401,0.0069196069637478,0.0327153571575164,0.0284390124639737,0.0320188921499359,0.0373112386957323,0.0308659335487058,0.0241241356821803,0.0322660917224473,0.0227309912288313,0.0205116522328749,0.0272722708200158,0.0144917049334323,0.0151230618356013,0.0152620001719976,0.0147969836308459,0.0155195770860629,0.011947808808593,0.0125657616587317,0.0116824678083233,0.0088440897608929,0.0119548068307329,0.0085112756982423,0.0076112909549074,0.0049625603625406,997.6475144246043,972.178621823001,900.4226166253873,793.8459064235915,665.6921911391396,526.5524733185839,382.227542780866,234.1543848964812,81.87500095047278,-73.76171732741686,-228.42706313067856,-374.39483922113936,-502.720591155487,0.0498682036907035,0.8567640431215777,0.0002493310434792,0.8139903569696499,0.4216605093763806,0.5842622722864649,0.2263010303261252,0.038484391189958,0.0432532601590116,0.071720249167995,0.0202709723153712,0.0811578620108923,0.027618368129629,0.012941238977943,0.0087973448586107,0.8233702458398585,0.8233702458398585,0.7698068630880681,0.7997339287829359,0.0443318022126645,0.0443318022126645,0.0525474515163966,0.0495727570171999,0.0955884654216805,0.0955884654216805,0.1117821298600676,0.0860352477804121,1.7939711885e-06,5.4456592017e-06,4.6875,0.6953899141155859,-0.05113704030553473,0.26113832991044483,1.7587765475030082,4.35624968431002,0.10644493668030833,1.5298273848840065,0.835244714725711,0.2658380668569734,2.3339200959418736,3.051399557021788,0.09163039065303824,4.446797268077125,0.8090907659530157,0.6813112034090454,1.616139824520103,2.3568123021206415,0.8859005102105979,1.0440011137294427,0.649381099448028,4.141241474689685,4.9275479398781625,5.364471224303965,9.3168063975431,3.138602108919375,3.3417876436187206,1.9432475547839905,0.000714904970902085,0.006607212216463688,0.0027453633760023775,0.2227916939669692,0.08260009077012166,4.673433895572131,5.618166860506734,-10.156763648661416,60.63705558806702,0.0008082521435183077,0.0021676919929023326,0.0009445865626534687,0.04302985029917111,0.039817264359093496,1.1462741983818716,1.4190824294195903,21.21663024008791,65.85715897876219,0.8419026595865523,1.1737585526637624,-0.3190321361412119,-1.0731045671431354,1.1982345867805588,0.5562038972628012,0.19114723799323646,-1.7929697663278692,1.519411457508283,1.9824615847782303,3.0100707057816143,1.9235082235632817,3.1639187518343923,3.383414599962427,2.5425948276879144,3.0808411069356234,5.73074385705253,4.074049886687732
0.0008286209033461,4.34768986337e-05,413.4880012194647,126.47407008599629,7.2804131329822335,89.69466420071846,0.9863221338304262,0.0013567461573461,0.0181694586036701,0.2924063472617562,1.0307113662692478,1.6448370117892763,0.4443407322734779,1.5820851382842973,5.9673035718631375,0.0025257473399307,0.0035226782605299,0.0097740807161407,0.0315993922599663,0.0386849663693521,0.0470586217938241,0.1577540782684817,0.2659238360770461,0.2753366048266311,0.0355702978099074,0.0023570683246301,4019.9215686274506,64.19372549019607,35.98408163265306,0.6245262889499115,0.0055706280294439,0.0012054549290317,-0.1732764133560913,-1.5560692446315167,-1.1581428902443618,-0.2933664846745291,-0.0443797863291424,-0.3549751688015486,0.3878284721953367,-0.6051766658397846,0.4782838627381087,-0.021189431896275,0.0298275454722703,-0.2275784502321899,-0.486962097327019,-0.2294193066462729,-0.1161651939315958,-0.005474701717255,-0.0920252827607443,-0.2429835498923374,-0.0868469778301044,-0.1104205241460376,0.0966587212764156,-0.0205677563858408,-0.0194227639406582,0.3040754729498917,0.0813478832449937,0.1039283577053047,0.0548954349549982,0.0642322126812945,0.028016622587065,0.0635862697456349,0.0216886728168184,0.0307599313950287,0.023779157418713,0.0325749156442892,0.0215428980157631,0.0124507309946677,0.0273951313069903,0.0379736587319255,0.0133201760182502,0.0144525888404943,0.0073721589178353,0.0088332871073867,0.0079347073296339,0.0086772448567313,0.0138917685949867,0.0078376751577709,0.0165573932550271,0.0217108093523355,0.0170000103100647,0.016618696140171,0.013793024135381,0.0130188823178146,0.0103005871830866,0.009884323187546,0.0140445525872501,0.0089085622587888,0.0083164195141846,0.0108497680864898,0.0111864217844442,0.0093449084175114,0.0080996814337931,0.0117156187843299,0.0091484771002922,0.0061207478676883,0.0061187882906318,0.0051982186898967,0.0052520917823003,0.0056529745494357,0.0032010288318292,4350.329230527993,4226.865704068612,3885.729111018664,3398.25289945346,2844.3626338203385,2284.3888395627932,1744.2198901784668,1215.7709114051256,671.980405694748,89.57267899546044,-531.7273886652104,-1161.9849447600302,-1748.6715862791718,0.2337153936193411,1.5402025738613938,0.0005595718706529,0.8081697885991218,0.179887130234427,0.5332316861085781,0.1829330761396794,0.0448106799835051,0.0108687916722401,0.0416256251843058,0.00781229735272,0.0918780551896754,0.0082587664521874,0.0054264654100536,0.0083519096464867,0.82724021132716,0.82724021132716,0.7976243735755749,0.7964043954566088,0.0395630175124041,0.0395630175124041,0.0438309654760354,0.0530314803124743,0.0644062745527697,0.0644062745527697,0.0843790818449687,0.1104515381736271,3.4228949407e-06,1.03966818763e-05,2.3622047244094486,-0.02734849929273149,0.01003561590905395,0.2064180644249302,1.6490525026209268,3.7119232555529056,0.1004730598475981,1.1775347445571,0.9166289661558644,0.18017657225414574,1.9471172386371225,2.710625337245798,0.1106287358174841,4.785930123954249,-0.2013111777934712,-0.09042484572466349,1.5242103098913609,1.6910884134681479,0.9979641158150372,3.109705059526623,-0.700984703246716,4.1984315398578635,13.365086881024272,6.053556340220592,6.249006746972551,3.756381394372257,16.455838423462744,2.2689376512222426,0.0001378333707622616,0.005835289160752613,0.002062600966684479,0.4313811318970662,0.15753588651814399,4.255355956097668,4.892891729538436,-7.561648248692953,70.51294940332951,8.311874559577705e-05,0.0031006635418879135,0.000683553667412379,0.08074165392552907,0.048722701946391604,1.5044122602317258,1.1021324891542912,19.13941266146024,125.42607517149146,0.7700092072802573,2.270470187655952,0.4843492489789836,-0.20244669139244065,-0.2240395594905976,0.20336212517527688,0.025941179848218497,0.03878129743761977,2.0052529480546437,2.677659297770992,9.231421625907947,3.6598000464163767,2.2618784185072864,3.2862819359989817,2.249183704616348,2.6258491158906754,6.021332033494816,5.325490871946721
1.1581982823e-05,1.2614158161e-06,349.6072603719045,799.3043410117247,8.476108423504305,15.929523286878803,0.4798092397930294,0.0040205169823169,0.0766208336969495,0.1465130837054556,0.2645628517259383,0.2219096586065171,0.537581502945365,1.6420840769205618,1.1595505453803268,0.0018369602330986,0.0150871680985263,0.0376033595134942,0.0479579525463827,0.0299885159806374,0.0829086788998213,0.204164951869264,0.1540723705074317,-0.0843659337516106,0.1114247076401887,0.0054447297456759,8062.490196078432,641.934901960784,412.61591836734686,0.6733682659025388,0.012361535877355,0.0016539513812973,1.152920651070739,-1.3117479493878377,-0.8777805342550471,-0.0046294304496452,-0.3202345198822758,-0.8565795334817334,0.6166385520642391,-0.7267827207136554,0.2128869896730153,0.1357566605061898,0.2954739385318822,-0.1687580266154125,-0.0960678704315383,0.2088178037636448,-0.2184873620661421,-0.0699903561298069,-0.1455787443722496,-0.2000572378267204,0.0050707562683902,-0.1527290848218364,-0.0284064315226121,-0.0505325977215056,-0.0848255926866,0.5007957756592069,0.2336839952613545,0.1365237434278816,0.1135528461305294,0.0658727611336472,0.1488452070321003,0.0677654112759629,0.0723376447783262,0.0458263809015018,0.0483215572623845,0.0816717753881771,0.0789959455498684,0.0651924802326776,0.0487141888868697,0.0222539403933823,0.0252295555100072,0.0210904207198338,0.0182892741105956,0.0196570586721871,0.0158564114710627,0.0200409086177892,0.017147054242275,0.0159918996518257,0.0535689190891889,0.0342007985292548,0.0525318374718423,0.0403500899818871,0.038059819229889,0.0325371667830436,0.0379143578992988,0.0410701197200777,0.027910675534244,0.0560552010469193,0.0449714549595509,0.0195316508934126,0.0218406333434648,0.0226337835074642,0.0179229717754879,0.0216435049739598,0.0209893700843312,0.01945807280247,0.0189384211687257,0.0167540119586313,0.016906479324503,0.0193591799775461,0.018700516266118,680.1911861381864,667.5574230009202,631.3005140045823,575.4933900418986,505.2027932245543,425.46308231345887,340.5536464431773,253.5980026479357,166.7741712092875,82.0509816296895,1.8085612426350288,-71.02749689879036,-133.40298185922097,-0.146983679854662,1.9176807638562257,0.0008096649453685,0.5101118576352394,0.6362133701792105,0.3128601187483886,0.2069376570690798,0.0568732290289103,0.0364677577305009,0.0503073727543107,0.0318905470971193,0.039683540007173,0.0164730031630012,0.012299752840943,0.0198422308089066,0.8143780892944559,0.8143780892944559,0.797101819320469,0.6227858498225044,0.0427207710674338,0.0427207710674338,0.0408475024110277,0.07379060248733,0.0875061159272461,0.0875061159272461,0.0857823318110953,0.1073199371522563,4.829494594e-07,1.41203995e-06,1.2578616352201255,-0.2270071828344604,0.01075683482298,0.2451740668477008,1.5965034893036367,4.714917555723505,0.1383168609495674,1.4294909125382913,1.0108663715177435,0.22595847030688526,2.292802584743612,4.028374752719832,0.13596677117206135,3.047429255285237,-0.5374581064346874,-0.16811712544204627,2.016678554718564,2.594998045789712,1.4813250317946423,2.467971236840857,0.6338914825567986,5.740907075422443,11.43055913981754,10.975746307056829,11.570185775326262,5.585431632472134,11.972825725598366,3.4999295680173885,0.0003800230316380284,0.007083930063869312,0.002439669415867833,0.4328595217705756,0.12662568401896276,6.054633159980872,2.627845754105465,2.384578580247248,11.627644177627452,0.0005957698316065313,0.002041373800796283,0.0008228837947532276,0.13675197671921455,0.0390563833571528,2.40024380341999,1.2952961518279664,5.142172346948498,9.921962811366722,2.93231770064041,0.09800168315977056,0.4760677194147457,-0.7727717083169907,0.4651838323930806,-0.6156215723005932,1.0154902880591423,-0.001027620767715647,2.4835503656522753,10.663496731656272,3.3578813757140606,2.556197192890864,2.4249106914038405,2.621362126476368,3.0006503399294453,2.7866004977001135,3.4707586855145016,9.169380882873703
7.626391332e-07,3.270866908e-07,597.7328221526564,3701.2291263258444,3766.332028867063,3.467554070721521,0.2659393381564876,0.001512236587938,0.0085304822979493,0.0247850729883328,0.0168694101509756,0.1926299093097859,0.5912351085282477,0.8432945148848672,0.5722559217059093,0.0033590523908851,0.0169940433256367,0.0412652681820633,0.007417732217539,0.039911722418098,0.121615088483981,0.0939930745402604,0.0470990991023948,-0.6455628520041238,0.0077684023983344,0.0005147497390297,505.6862745098039,0.2196078431372549,0.02,0.3937454846257666,0.0060924820054103,0.0013966866793721,0.9063018752424707,0.1522194775897081,-0.8441653052275536,-0.6398176192755286,-0.6441632816578893,-0.7907059505400216,-0.9641450973819906,-1.081760472497011,-0.3910659025309836,-0.1000266830855634,0.4884990218330757,0.0468450666102483,-0.5405746747442085,-0.33192392815162,0.0082284129744917,0.097768925518406,-0.096315692995188,-0.1806321915498588,0.2793036001118147,0.0462052555759969,-0.2525110613043534,-0.1364746671116091,0.2992233489271202,0.0559869540896941,0.0875706874851231,0.1801900834296606,0.1318200436753617,0.0435587893504232,0.0755670894815912,0.0302811262966689,0.0223838782647872,0.019392134548434,0.0328095814312845,0.027793767971155,0.0313201920994317,0.0280688230600028,0.0196281619208524,0.0292416986741823,0.012268712750465,0.0153191366242683,0.0311614192385535,0.0134021418520963,0.044182219195251,0.0114702438758898,0.043651418444439,0.016688255670577,0.0328692615546538,0.0570795189152879,0.024772981465075,0.0321721992043902,0.0382871836468138,0.0297767448691509,0.024209436873201,0.0270069378013373,0.0179431207448625,0.0169532393797748,0.0157840638029953,0.0129783261377047,0.0134023329955205,0.0167285470619353,0.0093035639208047,0.0083898665073109,0.0111227810213153,0.0096055564471282,0.0067900471541544,0.0126233579241911,0.0093735256234924,0.0084551368516783,0.0090164752787731,49.02478623757068,48.692632868905264,47.75231502011465,46.33709492380004,44.58569149653664,42.58336180723632,40.338380749314844,37.80331938035658,34.929916184173,31.71892249185824,28.231796759607526,24.56591605562329,20.81610395656007,-1.3901322571365529,0.2314341547353639,4.62208044577e-05,0.7567132077335654,0.7222143686549105,0.6904433448712952,0.3115654144572614,0.0403206953631408,0.0411978061822707,0.0531322657789158,0.0885302210117255,0.0756802178546539,0.0732558523004697,0.0924439662678197,0.0481047644205544,0.81687120968882,0.81687120968882,0.759939110029777,0.7457791779404046,0.033004497794781,0.033004497794781,0.0501615765506993,0.0456942614484215,0.0667941887540339,0.0667941887540339,0.0829402098117125,0.1137669744341776,7.172665503e-07,2.0530305335e-06,11.11111111111111,-0.36091141747001676,0.022289765447577214,0.24056579275171525,2.2787784627712218,3.826704145127207,0.13988637353342356,1.9885484497701968,1.397225046741857,0.21673401991388808,2.617340820043822,3.2188198480613304,0.09376496744187954,1.7748045272071642,-0.858475864679908,0.42783072759360324,1.4766618821622643,1.5195663499530547,0.9462830155759424,0.32154348004793515,-0.3262304732013108,3.490296167136348,2.675435924776521,5.09710643163816,4.942519122732854,2.9344735455540847,2.194006476899481,2.126222006536062,2.794490852460213e-05,0.0,0.0,0.0,0.0,0.0,0.0,0.0,0.0,9.2674092318541e-06,0.0,0.0,0.0,0.0,0.0,0.0,0.0,0.0,0.32676692115248507,0.0,0.0,0.0,0.0,0.0,0.0,0.0,0.0,1.9578837116578536,0.0,0.0,0.0,0.0,0.0,0.0,0.0,0.0
1.055004993e-07,2.49779872e-08,567.7540223058029,10608.453450559076,4307.680112676033,2.680568274911276,0.1802186323043082,0.0017252564679237,0.0119082248848771,0.0309016753185801,0.0772682789228637,0.2392090286895582,0.803752150903689,1.102800154018528,0.533853072362498,0.003223383258113,0.0230336666561946,0.0583256098686821,0.0235820925014225,0.0465948894297181,0.1160222463216548,0.1064978700039757,0.0607263836518321,-0.2067537451028695,0.0400443028139346,0.0111584788723051,2021.6078431372546,4.043137254901961,1.153061224489796,0.6736012204060698,0.0171513891292644,0.0025466018235442,1.1486698584441628,-1.0712050997699505,-0.9472432785850828,0.3286530101438623,-0.60755592872292,-0.5695928766429457,-0.5570939421379477,-1.0285169454231569,-0.1581284533730983,-0.2384896993885904,0.3066331292508532,0.1562670669424826,-0.0850127274605052,-0.3107933650203617,0.0932616329945594,-0.0399180442115137,-0.0656272759755919,-0.0753157392217965,0.1294618922670251,-0.1051964443531215,-0.0110815393699646,-0.0752377219713289,0.0681280468625858,0.2483379165066015,0.1932616772182476,0.1685766929044847,0.1678611068036052,0.1539279248533205,0.114025883792326,0.1168244949186195,0.1287374804157947,0.1143658232153082,0.3723796310021573,0.1713572759059452,0.1038128054227532,0.1002624560686104,0.0822246638696521,0.0581826072985457,0.0417975082546781,0.0392415090697541,0.0737061693738521,0.0854519902661658,0.1106005308904503,0.0360765986037436,0.0280823424675861,0.0158724164047948,0.1095586736681641,0.1075335333805894,0.1180213763238651,0.085032573502035,0.0632605089346831,0.0774259210516797,0.0622945422936715,0.0578025513201445,0.0645268985792531,0.0522627094861051,0.0546466413072146,0.0454136618345577,0.0435248011483078,0.0394093368308632,0.0331254491054537,0.0338440483418472,0.0348256708809655,0.0283976618177937,0.0339573932915,0.0294179973900811,0.024895931507824,0.0219474044491263,0.0208699077323265,48.3904249093922,47.75862205548944,45.94106433196996,43.12816994459434,39.54701383101053,35.39766758300545,30.82345077221193,25.92335487530727,20.795084612568672,15.577957827251026,10.464389686943186,5.66883268197264,1.373627513351804,-0.2676062401770315,0.8616373451853996,0.0004395611463313,0.8304223434104946,0.6941380934459477,0.6502687377036916,0.3455055837119224,0.0341005128494169,0.0364706882224243,0.0447598363171372,0.0803255505282365,0.0593063959960272,0.0786656169723298,0.0985645121078892,0.0497677940224921,0.8473609952392964,0.8473609952392964,0.8036464313145749,0.7914009082155359,0.0280534710611749,0.0280534710611749,0.0403778560619425,0.0430838420641883,0.0533477656347505,0.0533477656347505,0.0790932890329343,0.0939171777686208,1.376955818e-07,4.244824e-07,3.125,-2.0658121481374203,0.009508202963658615,0.8722683104286628,3.1274098440121887,8.390790155577452,0.760018225869867,20.878734115252197,29.16818072817989,3.084483496991155,4.180483085725744,6.2519844786575245,2.8946029814987275,2.9083911406650107,-11.632566606568359,-0.23362125311714346,12.46017187782682,2.4706061516761038,0.8705479073313815,7.386930052808829,-0.7629240466178075,151.13731422245027,89.00846476785128,164.59170659055715,10.748766140524976,3.3223942499111425,59.34983102415784,3.370805123814768,0.0004261593417310296,0.0005620208588813472,0.0006746611396152693,0.04280658027559866,0.05358561035745913,0.905997317040286,1.86477891105788,0.6185224431487135,14.204820351030625,0.0005568146125542832,0.0010080295100695507,0.0006221137227987614,0.07623591484918657,0.046074675162857244,1.6631918485410893,1.913234858780072,3.261620099175977,22.67540211942047,1.6615073942436147,1.6921299383464297,0.6674265738162499,1.8210391752165327,0.5462447906246214,1.7699566778036149,0.8146745322273075,0.25081456297633364,1.8424539572433904,4.100091812993597,4.013149517527124,2.2357696807921337,4.706267973183774,2.2618435850943146,4.277086775167455,2.296481539591809,4.767061140073248,5.027090812155854
0.0002346353820421,3.58109435979e-05,425.14677402609124,2433.11470168817,34.558431417191166,58.19130377922815,2.885275994280577,0.0025297232513327,0.029319076545841,0.572645504273937,1.7658658981702249,1.2842110378568277,0.6147489815380527,2.7301226502214124,5.733865787003306,0.0040113937801177,0.00584775107285,0.0307229378767736,0.0944159932178845,0.1212189671170069,0.1008207693037658,0.197157355713213,0.332996516088753,0.5133150305826459,0.0319803846154891,0.0037130140234458,3994.2352941176473,297.4635294117647,248.7873469387755,0.5620986438326341,0.0152438912451309,0.0039301369622262,-0.469245108180374,-2.0995193688643767,-0.6530864207788624,0.0189955336150576,-0.2035047530291661,0.1402868274049034,0.0927954893605494,-0.7519009146808073,0.2519672622201249,0.004410433383023,-0.0200613045340095,-0.15376327053181,-0.2653571229662435,-0.2613738873736619,-0.1575452408679089,0.0707697772276162,-0.0674133346653374,-0.1524132881951292,-0.0706007356430133,-0.0907480929954555,0.0249858147828325,-0.024955594665246,-0.0331717711987073,0.1871432676484667,0.2040988641224308,0.1040832589397875,0.1535267075769206,0.1078411285883053,0.1082541033780771,0.0998222606401837,0.0748868194982864,0.0646411147091132,0.0731738823067404,0.0558697527858728,0.0667813160539031,0.0708101915856849,0.0633495315275923,0.0397624558421206,0.0172884931450894,0.0182192454959718,0.030208899368355,0.0226160827952887,0.0203762510247206,0.0158551623912858,0.012689129717106,0.0124037577121597,0.047296477807658,0.0573573046146338,0.0481200152499482,0.0446812466875908,0.0456734752698499,0.0421973913711499,0.0317387094736724,0.0335266356201478,0.0252208690194704,0.0220218445840039,0.0274202189723414,0.0221999978430514,0.0189435015612084,0.0231248906283266,0.0169913189428101,0.0207821610902083,0.0137509481408726,0.0157855450330593,0.0156121826358876,0.0115005854161678,0.0108971536261498,0.0089950965030267,0.0089945401329193,2933.16798686823,2838.25458615433,2567.962496474473,2159.6865525413605,1661.3958681472193,1120.362042774751,576.0491992627728,58.0773603547595,-411.5068377481612,-814.5336488149791,-1134.9330342709402,-1360.10582053708,-1483.9724533328397,-0.0980193226326469,1.3519960174078745,0.000524472785799,0.7939402566121293,0.2493311458106482,0.5908979646465714,0.2076187747129834,0.0486366618046763,0.0537671917452068,0.0489196505816251,0.026222157209173,0.0994223014731347,0.0217335644364322,0.0097589564933658,0.0125309455549692,0.7925619528487554,0.7925619528487554,0.7787117683553092,0.8166328628079063,0.0477795198331332,0.0477795198331332,0.053770799792483,0.0476908590840317,0.0996246986400215,0.0996246986400215,0.1179488346169942,0.0900148752362055,1.7349338577e-06,5.1456334955e-06,2.390438247011952,-0.9897601297393616,0.01132765975164055,0.31509834132225445,2.62496697514044,6.333758047517575,0.13673629493002884,2.94238356954583,1.2660657596880296,0.3691633230494745,3.137067712058977,5.6399068741518725,0.1236335578285418,3.636565537404013,-1.8001249611345986,0.10596377193833005,2.8204004441636594,1.6358092635067398,1.4447832099117388,1.9386607811620045,-1.6013914744397821,8.046308689621233,9.02535640261362,12.489316903694041,6.658412319632392,5.165419938379744,8.81676115346777,5.809349169456588,0.0002821275490415944,0.0044281139242355865,0.002128368291550544,0.3354545838735412,0.12401276486558785,2.6508402274721914,5.426282536301065,19.862853257724748,342.3764975045023,0.0004824841908853878,0.001631210207942851,0.0012307559244177473,0.11214396066561304,0.038274335065963484,3.064662723765775,1.5008089577582964,108.25722708217054,1070.4866410920474,2.80894129695215,-0.17356523678926844,1.2749769794274872,-0.421933112148316,-0.9042497249412332,-0.3291683320129821,-0.30766071092177993,3.7251353809382586,3.757339761633344,9.346500748796371,2.421419091093579,3.781443014973448,2.518678651993693,3.416381332908948,2.2597408596139097,2.680560508987156,16.146640584396145,16.198724659832443
1.11302658861e-05,2.1281642174e-06,473.40049075866614,5030.316333122288,3929.236237013842,22.67541242993787,1.1716491087033147,0.0023793069934549,0.0135841322484275,0.168125524803574,0.6410422673816268,0.9997276812574064,0.5692228119330479,1.2166398340242426,3.7092856172815294,0.0042952321889192,0.0150514942023792,0.0345896971441026,0.0722067507913818,0.1306068263213404,0.0797692922277284,0.0539301616487783,0.1104071268177577,0.5273482317901012,0.1381484687070349,0.0135457828043682,3998.0196078431363,823.7396078431372,405.1677551020408,0.6516029085435919,0.0257279101032309,0.0102933409503133,-0.466848448107335,-1.7670223796244553,-0.4093198190993632,0.11765412624054,-0.2245620437686187,-0.1772734177330872,-0.1354763858044781,-0.5841122651511751,0.1588660592514269,-0.2974705153640738,-0.2399155117936652,-0.2417563241535375,-0.1831600497651673,0.0206367772114691,0.0292523199891037,-0.0342333767489132,-0.1392943749772469,-0.0965675325432547,-0.0568650202302597,-0.1304480081601719,-0.0390888783146837,-0.0430114917955913,0.0185856600433333,1.2565559218155924,0.2777128169711713,0.3236104756420695,0.1684612277567824,0.2362620964207895,0.1754863520817128,0.2533463915288329,0.1520375296319866,0.1051188578482354,0.1277558799681928,0.1419104507431344,0.067418325032128,0.093931423649483,0.0963790139071099,0.0635038991152077,0.0471240096608685,0.0287099830429207,0.0403442786432018,0.0398172982414266,0.0331909970760822,0.0363094553286661,0.0179302166190216,0.0185549716679459,0.1054372294216484,0.1444461209540238,0.1191076776689489,0.0984765312867202,0.1099393892323136,0.0810231061537729,0.0769823412552168,0.0680420801670961,0.0655291702100747,0.057698625206445,0.0550823084138022,0.0409927790290937,0.0500097328086696,0.0474400671456684,0.0318396219835061,0.0373588605951344,0.0316298484660162,0.0300745539230896,0.0322319866037168,0.027964210422529,0.0226750248839084,0.0215548225961485,0.0183348197459357,484.3057915708999,467.7510387470015,420.9996367896428,351.2154036374228,266.97937300740733,176.50826139988607,86.78491460381588,2.9889829021361587,-71.33532255423782,-133.42757878968953,-180.88996333824122,-212.12494547868354,-226.8784735064025,0.3645616301561965,1.7420660802279917,0.0014948036884072,0.8333434822635886,0.6346779235373354,0.443002231334946,0.3994215518473305,0.0374107374812279,0.0729474935076928,0.0737786324130527,0.0316946868804229,0.0786036727665598,0.0872116989074422,0.0489111659155732,0.0260580695852758,0.8519738645782962,0.8519738645782962,0.7992760055842691,0.8272090529446473,0.0333859208575123,0.0333859208575123,0.0476655794779988,0.0394619977038097,0.0657757515698001,0.0657757515698001,0.0871921829602536,0.077529532596532,3.901536611e-07,1.179385413e-06,1.9108280254777072,-0.4621956724321343,-0.007729196284182111,0.5250164828551255,2.1180362529477432,7.7911853663807795,0.26342500997315044,5.626712735324289,3.7455417662445183,0.6754578449977774,2.783708717304905,6.506408395675056,0.35831699277012025,5.219405966231164,1.049968261471507,-0.6533121727269736,3.673713638712474,2.2851110014543448,1.9769625327856433,3.446148144752524,-0.4262475301270536,16.461292984941103,41.49488433725031,25.742949852727968,10.215545609187599,10.421320232714024,18.205623757126343,2.0909467284346297,0.0006032381964648642,0.0040045906102814605,0.0024306620902230366,0.23344251950834696,0.13576463951325154,1.2124372457684343,6.240811921070307,-7.087578114449924,84.17391400099973,0.0005375407764224544,0.0031257514652427297,0.0015131380475858843,0.10471693760343513,0.05302889839069797,1.949314555920444,2.0849728861831167,16.360800155157154,131.153941510082,1.0480959393360323,2.7424030580464964,2.6826923304509216,-0.4682802146108061,-0.31360896684922723,0.7456746424809224,-0.5187793674726053,-0.044746778870782794,2.7995835760740366,2.6083675880294703,13.033477961428233,11.64767271757432,2.926222299716749,1.6689581021797528,2.990143803842524,2.2772279760626684,4.720725739111764,10.83993091608894
0.0005246383456229,2.46044717993e-05,487.7138398198708,7919.912849732282,80.43826427248025,86.18833017622363,1.603172339645032,0.0019195306198839,0.0565736800089674,1.1256185439248052,2.7735388894482504,1.0010412943891207,1.2938540202436315,3.7856550074507664,7.092741778901183,0.002500307985685,0.0091963648520197,0.0320233619307439,0.0786240751521799,0.2152948252721768,0.2572644943968848,0.1451790290148893,0.1586400703171153,0.5475115432945615,0.0916206553352445,0.0038463186990356,1002.3725490196078,53.07843137254902,12.060816326530611,0.7512184305348169,0.0147643206713507,0.0012877530783109,-0.8153932880527928,-1.7045338399190395,-0.1014178240273306,-0.181316063187931,-0.4692565017032604,-0.2476142605055424,-0.3680770538183502,-0.6808089933872018,-0.0679765199167407,-0.1629864326206633,-0.0779236047301491,0.0206261555079256,-0.2327209249457654,-0.1620050631784859,-0.1524738551335785,0.0618462217470506,-0.1275327116527149,-0.098089105015119,-0.0623683151793882,-0.0572424230962248,-0.0288900666290726,0.026876604021604,0.0058317316299754,0.6407379911513544,0.0466073795690287,0.120338258292107,0.1457202229232648,0.169558497412865,0.0420680719473357,0.4240918765922626,0.0789869743059146,0.1850890461750281,0.1167380981545596,0.1515189775006577,0.1009569770144359,0.0823643984509723,0.0392984333112531,0.0837808723432744,0.0289860711298912,0.0215223104799774,0.044080476642124,0.0712570892410942,0.0493357786253312,0.0427198701475422,0.0322768596674409,0.0120222071744782,0.0336287836741585,0.0316899018013651,0.0396439933210366,0.0297832264447009,0.0278086622369516,0.0197159944713977,0.0241248940675102,0.0140880676264238,0.0345027084442871,0.0319938456212852,0.0209598862425898,0.0145713265617177,0.0147754437918452,0.0128992489322022,0.0170763292201319,0.0086746667818967,0.0099312609443617,0.0259163629111326,0.0115139381438791,0.0216956881086659,0.0133853022467685,0.008366162133997,0.007017108147026,1204.8339791750734,1153.9673611205048,1012.3068954705021,806.9254567433477,569.3808153506484,326.2317764202988,95.40728271937775,-111.83272491281086,-287.3259625074528,-423.9878578336244,-516.0108321606606,-560.6420443033309,-559.5433216594889,-0.2515306941744443,0.5742613670686095,0.0014969614371815,0.8248821509845028,0.4741817194961712,0.59734684941262,0.192342273492608,0.0424061325885008,0.1151226487695584,0.0906022998132922,0.0392028734940874,0.0754709180793439,0.058964930395799,0.0435718873851905,0.0273486728168065,0.8049254192898281,0.8049254192898281,0.7616560690228974,0.7964886124068835,0.0447976304011721,0.0447976304011721,0.0530504727193022,0.0463362639789492,0.0875856552542239,0.0875856552542239,0.0954344521236019,0.0831593556757376,1.9277727396e-06,5.7547229191e-06,5.555555555555555,-1.9779099633198367,0.078230800539539,0.5778004138717447,1.8752949989347345,4.402958901261865,0.18759565414918106,4.4161006515644,2.146458825761382,0.493102404015436,2.1124221588577896,3.2177170704993356,0.1784362900849346,4.117388754832153,0.21692147752828467,-0.2784403306983184,1.388474851078901,1.502366879072706,1.3352101250142179,1.533576239984572,0.0033367629738730235,4.603067189903119,8.99297661169645,4.903750700088923,4.871679272645105,5.22615778593341,5.192371157426023,1.7309368633311604,0.00010119374538246375,0.002268067912094279,0.0008123679112682803,0.163161307742607,0.07197149490805667,1.2498332395361873,3.6350082729894617,-15.74867908391271,62.50232444703218,3.678755947543365e-05,0.0028208588375465147,0.0010294707421133129,0.16691987544587245,0.05436905928311636,3.193067888616123,3.089935351169752,38.488838012340594,121.70457739007104,-0.6371888220266076,1.1356768776561952,1.878025819720144,0.4104598418496493,-0.2749160545675069,0.9791137159724526,0.22675058763517444,-2.3581283578070926,2.20043345966278,2.806722984718256,3.1519027696018584,5.504718024487933,1.701392755197786,1.1745338013339064,2.6573751631333926,1.5512142050409288,6.803427235470699,6.223427180962366
0.0004174734233557,7.5274884392e-05,551.2243839769968,3032.164072549127,37.69764377572784,24.42254257266053,4.464033084272424,0.0050499578292771,0.0114715528358838,0.1367697365694809,0.9484435922234452,1.072915906054121,2.605219657681938,2.26503482515982,3.316218245189006,0.0018146953413196,0.0074965490526599,0.0120508967901208,0.0379900476537256,0.1787448558486698,0.3062801975315246,0.1916015719589738,0.1742423463045982,0.6376826506117805,0.011800255169514,0.0028718306475219,1995.2549019607843,43.87372549019607,16.134285714285713,0.5496602880236519,0.0250210428546333,0.0012386306370953,-0.9394914924165912,-2.1866509487664896,-0.8375588542516403,0.3081286152657676,-0.4406223801794161,-0.11751672405135,-0.2487409154012061,-0.943665239229,-0.2153187479531465,-0.4356350447464096,-0.1196557040410512,0.0159668341095963,0.1344399845274284,-0.1153196956395784,-0.0243099939183178,-0.0573065384117066,-0.0893923766447888,-0.1213140552081719,0.0706252724028882,-0.0897826321932552,-0.0136257830275359,-0.044248982196172,0.0107998823587405,0.2324973320578331,0.2101850406478427,0.0782377838311186,0.1599004931022487,0.0993096248758813,0.1117482646021084,0.172001601988234,0.241578945003444,0.1687061569951744,0.2208114926952673,0.2173985004967485,0.1526102006503718,0.093739682249279,0.0864698555444757,0.0513260808588884,0.0724498529028645,0.0686135953929995,0.1067250289705705,0.0801696281323355,0.1050094044486458,0.0278013540879835,0.0298011026392521,0.0366853700901367,0.0648911474832565,0.0581312505340579,0.0411017097748491,0.0398541822684258,0.0409015156885104,0.0375306942537529,0.0289054871561145,0.0270370983242217,0.0283046226539168,0.0276157418166147,0.0250975623246182,0.0217866816401302,0.0221472908545945,0.0215787871183789,0.0174263678604012,0.0187758046622849,0.0186273664653727,0.0219630821631731,0.0189111992059983,0.0189164685291261,0.0166114180454803,0.0134065409340255,0.0130835346451709,4502.955857487209,4348.4647263056,3916.326143018877,3282.700876231899,2532.753825302384,1733.2686145469957,923.3486592378737,122.78889023015076,-649.4115547765738,-1360.4263302440595,-1963.6503251334111,-2413.105527218096,-2681.7954939671763,-0.6652545557934201,1.011342715626347,0.0005225059358924,0.7946081348967889,0.6898048696944028,0.489294845802735,0.1853602597433642,0.0435100051738502,0.0634907562405307,0.099953733826804,0.0480607513407501,0.0961007229269207,0.0850962709577234,0.0633974319206262,0.0171413483151351,0.788527785367349,0.788527785367349,0.7643538504584575,0.7770126572528523,0.0464821704880545,0.0464821704880545,0.0555662234729529,0.04954295705339,0.088142209570825,0.088142209570825,0.0983887991816537,0.0942999078688798,4.5007797518e-06,1.44148350241e-05,2.790697674418605,-0.4518996130887318,-0.11632346290944642,0.324464803138921,2.4898798018230823,4.45923141928897,0.12924716146788676,3.4491691023551194,1.381253764702572,0.43260159077455135,3.2857042771213387,3.556386520839764,0.13314497751628288,1.6709361970015004,2.967993075182873,-0.6372290646308463,3.973182771628212,2.172552919404323,1.141905731055946,2.196288578000517,0.104839511744368,18.04901208816624,8.635274338285416,23.742512751962863,8.24098425365544,4.0454612942704085,9.865110830078414,3.316328696062641,0.0005689973569724311,0.003095867255660426,0.0028735892941430673,0.09191055733302317,0.08695580976695909,0.4623763874920692,5.11881955388849,-20.606544935265138,153.02020403355826,0.000661698265422612,0.004172677093083907,0.0029851382892925895,0.08899581228436726,0.045564343349590794,1.368691718805422,3.6621254296263728,81.7673893711624,489.55120327757965,0.7235560677872656,2.0886226213888666,2.5400488233712446,1.0585343624809196,-0.19501153795700468,0.6515148263343226,0.3525105490692038,-4.073583902115553,4.026760687832176,1.6679296877663534,7.400743279266221,10.21345358844858,3.7875115133621313,2.6369630171829637,3.410629258732439,1.9769841019113468,17.76904508859424,17.485677159494692
