0.0004922386276891,0.0002146289289431,530.2028038705639,4609.54058439413,54.44037811464633,39.440927072988046,7.0002977716661166,0.0003545242571025,0.0096055626629264,0.105895077830799,0.2658147998277715,0.4934638273502013,2.9225584397101447,2.2680440809024014,14.91581713921686,0.0002569005586607,0.0028999543320017,0.0128958294730255,0.0429027039155496,0.1387197719300577,0.1656435373751156,0.5201980064044526,1.6428814188541758,0.8760145966123954,0.047631660564585,0.0095912774752544,1993.4901960784318,26.89490196078432,7.075918367346939,0.7311709077534501,0.0118819572398865,0.0018766120389029,-1.9797109699656457,-1.6026363230830822,-1.1933134089034327,0.0258664422681924,-0.4656664945943431,0.04453169690631,0.2346679212459731,-1.1517851899689655,-0.0834110339597606,-0.1418493478691067,0.0218639961721195,-0.0272376404721461,0.1000889538939125,-0.2194697926920401,-0.0843031968313338,0.0820052796808851,-0.1478355541733121,-0.2444477081901408,0.1061968636594357,0.1035577924488658,-0.0445335324454393,-0.0959367131525209,0.0878129241372347,0.1674838612721978,0.1092364113972308,0.1917774250615335,0.2530060637778305,0.0586665141249462,0.0979355505466182,0.2644901073265783,0.2214342936483326,0.2125418305789267,0.1461468012963852,0.176571418950139,0.1803908833243651,0.0458433763258948,0.0400590133757926,0.0299752759177297,0.0355454496650476,0.0513910570994975,0.0568510169115044,0.081977663095223,0.0407388900900252,0.0509560402517913,0.018593148921404,0.0203084755475062,0.062447910881333,0.0698050094711929,0.0633669916026123,0.0445125314528841,0.033270295742151,0.0449995574909699,0.0476452793734203,0.0424806938589423,0.0318734878233529,0.0289726313642937,0.0287937729214961,0.0252285311620283,0.0248820851206441,0.0192764476736606,0.0223479725844684,0.0183492238107683,0.0226417225573261,0.0167141449015778,0.0192012788509764,0.0181351681548091,0.0181285064100189,0.0157722676963206,0.0127824983364336,3083.2639497726136,2900.9572286906005,2415.361926922371,1777.5440606227075,1153.2539878537514,651.6283808787143,290.5844429399633,10.953514008790867,-270.4945488960991,-601.4051550000607,-963.4342619460419,-1284.0081564097359,-1476.6043471247847,-0.8401628223387447,0.8241811161618611,0.0017843957457538,0.7571746585177871,0.5859342690441758,0.5261564436700713,0.2666910613690471,0.0519454145074607,0.0931643717471653,0.0905783906560238,0.0441496923369034,0.1016543370448095,0.079704857741778,0.0626425545387466,0.0179771072074701,0.8600333974462342,0.8600333974462342,0.8040716744310086,0.8040659342195491,0.043592759966714,0.043592759966714,0.0479890925146298,0.0493373848456875,0.0833483757147371,0.0833483757147371,0.1010819083788501,0.1012896693774038,2.6913722627e-06,7.7345473997e-06,3.529411764705882,-0.016512586268676417,-0.052817655151381315,0.3866266335779712,2.482322554930032,4.578420758917278,0.08427050345546087,3.507446284798121,0.7429366117579835,0.434223578589823,3.4410807034164934,3.8374764726753856,0.08314286592796562,1.7733118137040318,1.4372276238284667,0.019922724437006108,1.7674971047254324,2.297633824579238,1.2631211524239578,1.4716368340025892,1.0888760137532487,5.320853748639316,4.389520981375274,5.43849556794338,9.87076475652463,4.901313714884385,4.673220408352221,3.830913803102472,0.0012046069124533444,0.00711415411620621,0.005433730765034984,0.11554246401345848,0.10286609658788796,1.4381472461811224,5.641489599205135,-13.98797068851793,125.7056889039595,0.0007121237120801573,0.014439389939926644,0.009624614238579129,0.06995855279545071,0.051141306653652435,1.8602673955824407,3.110060547252538,52.73470229518519,301.4316568190999,0.17824451051683826,3.267236529219024,3.2867157890432623,-0.4001509740037733,-0.5453673518148529,0.914948110230035,-0.34388824152148434,-1.347258025571045,3.4835374771648255,2.38739909762961,12.435222686763797,12.567506397326067,1.802756921746746,2.7607267501404125,3.3111547416860785,2.310832985425024,6.8641147274437815,13.460938603772803
0.0001873356650529,0.0001612490681965,435.6446391777262,224.92826393673698,54.98668559223929,13.933599225145064,9.155439222249424,0.0027755069875865,0.0110308255184345,0.2977005325730976,0.9121770291254544,1.0814803044770496,0.3666106791609349,2.44540241376058,7.542920356397636,0.0023665420329886,0.005197602448531,0.0289916317395319,0.0837564913541927,0.1518120542019178,0.0861620932475125,1.6110913739265282,5.144751239899656,0.5015178732358831,0.0350083378333608,0.0205321637938091,501.82352941176475,0.708235294117647,0.6465306122448979,0.7837571666826191,0.0105502437624147,0.0052175688753735,-0.7764427378553372,-1.73608748411685,-1.2166156297150574,-0.6587185576066817,-0.1007493925357467,-0.8655564825893316,1.1367746055456072,-0.5949956652008827,0.4568440145841338,0.0463294763171308,-0.1682995933333153,-0.5295838882749984,-0.2564388022686642,-0.1721938377272283,0.0357527938381949,-0.1347210791591967,-0.1670244417646691,-0.2147502543197661,0.023870673032173,0.0330599770805885,0.0444896599615679,-0.078396696475284,-0.0062815923302762,0.0825712185998489,0.203412261416784,0.111265925254169,0.0903084167652904,0.1196850606650101,0.0686609646152379,0.0725006251813698,0.10007354878537,0.0246786910589882,0.0529008463250861,0.0298472032105921,0.0384605704256052,0.0207604265275925,0.0192490693529888,0.0357301954742775,0.01813580163844,0.0118941557961282,0.0222331174452002,0.0349043678884588,0.0207138275565195,0.0214515893853403,0.0118950439096176,0.0189610206801772,0.0692858218680305,0.0437831114307285,0.0718822537045411,0.0605145238254778,0.0653011662839033,0.055809727692943,0.0651577421569592,0.0592995666169209,0.0303161693416554,0.0369539615841043,0.0319670520674419,0.0366281081507122,0.032480087517088,0.0246937516070744,0.0250336390008946,0.0215837230222337,0.0161696056826336,0.0218633766270418,0.0198664914419494,0.0182950690307637,0.0116699834014591,0.0098638695613415,0.0171652854112004,1391.661685132592,1334.8016016233537,1180.1117344063568,967.8495931713904,745.7237101254077,551.7340979240716,402.9675180938944,292.92793758905214,197.77403752153555,89.34164070202701,-50.231324157185995,-218.7823936229373,-394.1289470631677,-1.4783046191627294,0.2596345386502122,0.0018467874821074,0.8179672187064363,0.2244812128696651,0.3077191473415943,0.3843729310624792,0.054946371192726,0.0695574181115336,0.0346510985485594,0.0188029900487118,0.09042896588955,0.0387595354179249,0.0222390620669633,0.0143216207703034,0.8026559299401982,0.8026559299401982,0.7919209601072965,0.7844013444639206,0.048405738643528,0.048405738643528,0.0490318861057121,0.0487788295089141,0.0939074042320016,0.0939074042320016,0.1060156896325958,0.1057575096028132,6.5227406851e-06,1.69182581963e-05,11.320754716981133,-0.4204934018658659,-0.10742657141559875,0.34241541906216916,4.864378146667502,8.460585175214893,0.09897203502572649,2.0250496103659246,1.428340653641765,0.2912914376222916,5.668453209108492,5.63624000913721,0.09590704988521556,1.062759428246198,0.9333403203159184,-1.8802150640890003,1.443898701444409,1.514209428653036,0.34723505129961185,2.0984184357926945,0.05317794028388932,4.486615578097664,13.119136070519824,4.169461415791725,5.2511731859053965,1.9310196961470127,8.033595801500786,2.3442605249862254,0.0013121173145274208,0.008988802260552934,0.004458875927590426,0.2401285301012405,0.08743153455389711,4.701310670921308,3.797422949853983,-16.551774889700575,72.18911302360453,0.0007399415663943955,0.00399207134178896,0.002593525681338082,0.09583808322580692,0.026407662771430435,2.934325152597232,1.9427436819260564,23.26220559564393,95.50024299448384,-0.9100093613714872,0.7384074091637242,0.953099904197624,-0.007907416173897727,0.7079820521374534,0.03532075759120695,-0.3827844301749945,-1.1051196404740524,1.1475883749297544,2.1872917587192204,1.968249294135048,2.1872354243069285,1.0413423001388715,2.076586627013444,1.0501629188159,1.8563142738566183,2.2994735541968434,2.3278671965121136
0.0010932605222144,0.0003357650093003,407.90615609572683,177.60394423635455,22.66206084178219,54.63599639288569,5.0488838731429135,0.0004721484914668,0.0120243729115576,0.2343257653114404,0.773211098149557,0.8899985559207193,3.588273167455197,11.468569169590861,17.6420350084793,0.0003381831199026,0.0042174525143512,0.055144985526993,0.1734162021812544,0.1611200865117686,0.3277660589018719,1.2174897471778114,3.2275920260591886,-0.0756322937966561,0.0376937059302343,0.0078980700675882,1006.7843137254902,1.3725490196078431,0.8914285714285712,0.7298020495627727,0.0227148393754676,0.0102496172212572,0.5400268643652046,-0.6484530476218272,-0.5115092283764106,-0.9150417061039448,-0.6387118097427125,-1.3170095550002248,1.4793041076175777,-0.5524048852829722,0.390327657739633,0.0706715351826165,-0.251704282137937,-0.2723701459781673,-0.0406949029099525,-0.3237398816443391,0.0294205175753788,-0.245019267541511,-0.0057646965794942,-0.3128599577953543,-0.1336008412562192,-0.0770514557094145,0.0414232160141155,0.1192891306068163,-0.2020606050268502,0.0642008630202886,0.1465418111576588,0.0491841572440362,0.2474643149314069,0.0444946995194403,0.047257527863608,0.0945483024176231,0.0515331700233371,0.0309346941125307,0.0635087900549871,0.0371597764526596,0.0175170888050893,0.020184394485634,0.0201208805524544,0.0221516145285867,0.015252864507492,0.0340812201336586,0.0203733594076561,0.0131468732934731,0.0277256603470797,0.0196576812974374,0.0244283721148501,0.0180890227579203,0.0644698593910569,0.0566247990321187,0.0486532777193928,0.0555582262617947,0.0317435205197491,0.0369521609114081,0.0474916803725425,0.0199576522534295,0.0252471879358805,0.0358456423599804,0.0339524168153307,0.0220965497025421,0.0146180305651536,0.0156780374634816,0.0209765321186296,0.0159387255432973,0.0231606451566393,0.0200020485338531,0.017053663577275,0.0129085162726624,0.0100878293549588,0.0105031170150164,0.0123375793574951,985.2294379052835,966.3265404463708,914.6998127035683,841.8891214833228,759.8861287773552,678.5710826614815,604.6489323592313,539.003654940067,475.56843347990525,405.5336027943649,323.2838583641219,228.5669427285321,125.24723724476829,-1.1957322695627586,0.2645924424414948,0.0020579917515361,0.8104438641036482,0.147690940331066,0.6092399540829895,0.2184466033142443,0.0383904002852533,0.0200319482810607,0.0452013227280388,0.0193300532377119,0.0442047538791266,0.013078178945698,0.0058259234139725,0.0077924664376822,0.8344240836452052,0.8344240836452052,0.8410512059244425,0.8642413478534854,0.0420629421505862,0.0420629421505862,0.033391000679527,0.0208632572196934,0.0961110724502082,0.0961110724502082,0.0678328808131215,0.0365300882522708,1.08108599078e-05,3.56321779341e-05,6.451612903225805,0.13928796829602083,-0.060848424938912765,0.4404917281185934,3.286032395019992,9.283862824461048,0.1668052225332477,2.3803065715961313,1.23560605824719,0.3388729340202004,5.042601647762177,5.911313876567196,0.1285509698558403,2.8092789207184845,0.5283289127130267,0.5199385328093707,0.9054817939256314,3.427887087755225,0.3665366715516526,1.7460476561495473,1.2142780586910185,2.7395761492059654,4.388991589755813,3.38264403895128,17.428811303320913,2.113017445849585,8.144083714415286,3.487513496052552,0.0001545969236295514,0.0015772672956146446,0.0024820049682734028,0.1381113928813492,0.1457766271576371,7.32366015493865,4.630953122298753,5.552111541377704,38.33079847923317,2.7894435086157702e-05,0.000716713864686829,0.0015016134351824371,0.06144633754058958,0.046451246518239765,1.2976222854787842,1.4973756476879885,8.788294089381855,49.45465790854064,-0.6248333253586079,0.19796390479800974,0.9522930382844198,0.4757902908679021,-0.35269901535021514,-0.481875836618283,-0.5012468232954281,-1.2219039390570356,1.481424891879129,2.298242842564469,1.6741952762772674,2.508540670523992,1.7134058876982206,1.5678689018386505,2.271163841833043,1.7267662270716695,2.811085387607658,3.2261976796095997
0.0005372191241896,0.0003825566205498,460.7487493859416,4000.516929777243,8159.645271077549,24.30027219908704,8.130599575182497,0.000200938046133,0.0291217187183284,0.2781338848986263,0.4897104875935835,0.2940424585080055,0.7083857089781965,6.424039460589939,17.23694253341611,0.000136855193992,0.0039660899111485,0.0271648182304112,0.0707757419207818,0.0751606305256813,0.1356220982583682,1.3754765878873518,3.939837888070601,0.2740861396890787,0.0335896150905634,0.0095484966024587,1003.7058823529411,3.491764705882353,1.7963265306122445,0.7016503971135801,0.0149376386131368,0.0031159127433444,-0.6401062439398867,-1.7781642269928677,-0.753598824893233,-1.3788129097121662,-0.6042129608275214,-0.5178066910816952,1.4063812309751702,-0.4980694786526536,0.384325461072283,-0.2181237658991097,-0.3277884278940897,-0.3644559655639853,0.0559310944943088,-0.3829034647766791,0.0262426215296645,-0.1110151283874106,-0.2356023917285271,-0.0011622297663935,0.0639522328653243,0.0849917260646385,-0.1517674138183591,0.0126356156465305,0.1085522519572231,0.0702469816908592,0.2272476442641039,0.1532400057244602,0.1378860702666566,0.038515070424252,0.0909088193706412,0.1034601096088795,0.0504988943044139,0.0589049324643337,0.0660202063067722,0.0391985685385997,0.0384874746374264,0.0583025427224671,0.0289910523707509,0.0296742087986312,0.030829580990415,0.0192356348037683,0.0242638645612175,0.0627665409512745,0.0333465315831196,0.0295044542520379,0.0250294838598864,0.0267144598166595,0.05127236737871,0.049086903760417,0.0528143413304978,0.0509766883988148,0.0431912408375859,0.0609255111731877,0.036874152182166,0.0412943616560661,0.0191707377022312,0.0265948089244654,0.0206750922053337,0.0335859772494035,0.042495573748631,0.028643689087038,0.0179390939147392,0.0193405559713577,0.0157501782641452,0.0174528256346497,0.0166191382392434,0.0183211845659822,0.0139918263963652,0.011930986103765,0.0240954738486173,2510.9799095102867,2442.98955828892,2252.99860459196,1976.816894588804,1658.8043414288747,1339.078909595441,1044.229832903582,782.9400868863166,548.440143618282,327.511365776468,111.13605545785384,-99.2837850342011,-292.799325385219,-0.858539561083455,0.4374318192744722,0.0007982156033353,0.8808178739932019,0.3950538836445879,0.2202071586123351,0.4025970608803517,0.0299065563457158,0.0902371760240654,0.0438355243077729,0.0130323938507009,0.0449513545390271,0.0855834403369094,0.0114119327789403,0.0225099286942569,0.8823290647316265,0.8823290647316265,0.8270494269430372,0.8725944087236194,0.0443776446632018,0.0443776446632018,0.0516857605818097,0.033431027370993,0.0833736369398419,0.0833736369398419,0.0999946028434174,0.0485675524716274,1.01971080187e-05,3.05533084352e-05,6.8181818181818175,0.5640995517118922,-0.15715881019689132,0.342912008406571,3.67509296745038,6.003144225029274,0.11902311117135647,2.1027882537349467,1.0718305024385375,0.30206932019745614,4.561266395822432,4.818796917748054,0.09656323479363682,1.376499487580696,-1.0853250859882586,0.043703263739229226,1.8391877492943047,2.3757382632599904,2.0688646453824133,1.645616430708946,0.07199216592730849,6.051985418986149,3.991189191088064,6.825977193725302,11.20450016850919,8.557511194604498,6.429455862609347,2.035599571475826,0.00220868929974868,0.009713020771695878,0.009876150706896689,0.23250808202438544,0.17950516313900894,3.459662839264481,5.653406511853392,1.2845777544199888,419.01377784473306,0.0006666335953073244,0.005096749467717093,0.006058040387442905,0.05677287485733405,0.033045135804351616,0.5597871313229715,1.2284265272220047,73.96204092235361,689.3611491582044,-0.8007016925461254,0.40518971164562806,0.19605512664638247,1.273834640038786,0.5858493517690665,0.1041266682402292,0.016465875547258074,0.7237342073989531,1.821512823340777,3.292087043326331,1.6721442450195392,1.569758336486135,3.4944225970321567,2.011101522153554,1.6064365737303719,1.755609653056921,3.590338384223914,4.641994400743725
0.0001390935670013,8.15303189112e-05,479.69622149790086,698.267932292103,31.41952890835908,14.188684390240077,3.7942240688510647,0.000279244784886,0.0130525969855489,0.1310044341982393,0.2414884697023564,0.5258722072365896,0.4523359548914632,2.2017635494179677,3.0314588368004776,9.11440278629e-05,0.0015492292160136,0.0111248591866733,0.039531260476834,0.0890774516353975,0.0562023318602474,0.0984625897741158,0.423886767089685,0.6684785421397654,0.0132638735895369,0.0033304563487353,997.2549019607843,13.39372549019608,10.488163265306126,0.4621991518542971,0.014035557455832,0.0017420445037413,-0.9177893022676648,-2.783187493393396,-0.8772089766017153,0.1707787752568911,-0.3959995063914799,0.032670890878032,0.4056707978742454,-0.5845046457348672,0.3047217058118375,-0.3847030890215977,-0.4842751317040237,-0.3496082501668797,-0.0902924820837197,0.1868574269264134,-0.0402862646817685,-0.0945239487993772,-0.0764212794783598,0.0778838026640581,-0.0490389898950304,-0.1992870986992323,-0.0371281890098761,0.0875220782757595,-0.0394547379129073,0.1420672836611409,0.1235869608772812,0.1018570216944666,0.1227311155261714,0.1017843289026293,0.1302393472182529,0.1246304363831143,0.0931657316156082,0.1325987772912994,0.1603437202833242,0.0583351905979151,0.0336082497594868,0.070064148626903,0.0667792439771968,0.0305398541058523,0.0374015244199606,0.0468538049709124,0.0394153927796098,0.0344720955970983,0.0553533730509637,0.0338767727307339,0.020744811953596,0.0228132931575677,0.0613650296198171,0.0416703157554133,0.0535585345909749,0.0510677035453105,0.0471064900704945,0.0419671150440414,0.0311803674747118,0.0557509366194495,0.0384108485395847,0.0423698815104211,0.0346542792413354,0.0245431061726967,0.0282754274336248,0.0305796319328519,0.0242659659217633,0.0320833305150167,0.0342360995487846,0.0248319267590412,0.0248004297404582,0.020535587232354,0.0232147888146976,0.0174883400992615,0.0137783913722689,1883.455292844374,1822.1037826149006,1646.7892224486397,1380.2562895799363,1051.8892728786186,691.0477342963178,322.67253282748874,-34.63425803343641,-367.49944097158215,-664.5527456134839,-913.952690083776,-1103.5396659103108,-1222.9180585036163,-0.1721503191280817,0.4990778865573378,0.0009194986375083,0.8158958558872105,0.5214608416830605,0.2156349799329733,0.2950526252249108,0.0447752600863801,0.1056981980580438,0.0340053243792543,0.0343327810570348,0.0769870222964715,0.1102035105280932,0.0219789798465144,0.0138743960994752,0.8905565373679463,0.8905565373679463,0.8769653207022245,0.8521512529581231,0.0218678074963977,0.0218678074963977,0.0253869228732085,0.0277986787617399,0.0282318592364476,0.0282318592364476,0.047782187791942,0.0340110311345074,2.2648087864e-06,5.9117654521e-06,6.0,0.3290891010972429,-0.07185325964503195,0.3840398933667092,3.0830965953739495,3.91743720061308,0.09092384557204376,2.841410393777202,0.9888886010115264,0.40759463395826656,3.557163454766298,2.8258376912850447,0.08886598132873644,1.1956631142779797,1.398435351700852,-0.8086574530480832,1.7933321029700016,1.2606213175896273,0.6546164744244631,2.6495900154286973,-0.03670462889913191,4.562713555710896,9.22590127582075,5.68415067113456,4.078974935669718,2.4644511715704964,12.232377360943739,1.9704259123049603,0.0005370907963243549,0.0030004046641293053,0.0028989823749858788,0.22819792670011166,0.1832628716551107,2.218907664536374,6.597521562388176,-4.117031984500857,64.91008357884833,0.0007640940667587191,0.0017993006557866433,0.001606527935670041,0.13132107093981674,0.042543721262040014,1.5001879339714923,1.82712046241419,9.04726159540412,93.82385023927534,1.7393891762473794,1.2381224910263107,0.6251485100042573,0.865170112983758,-0.9626776039774154,0.21801486294391123,-0.3692789832023186,-0.10136884011877681,1.7359518605772197,4.775772517850848,3.5317785095665943,1.9167330675078476,3.032917314805504,3.1336852515166744,2.351911298086707,2.0113661135894207,3.924553512008103,4.479490760027615
0.0002416351148578,7.90290164651e-05,482.37875592624414,833.6874767074376,28.293648524616305,46.33142761511487,4.657594011352308,5.97990777277e-05,0.0134403275735238,0.1428175692068174,0.2483935523902445,0.4487741768661919,0.342006369688581,2.567925850917064,4.20948660986554,2.2032649303e-05,0.0008516077541318,0.0080142131985027,0.0298612107874772,0.0739960824488338,0.0419763768556704,0.0782829837668032,0.2508045903591011,0.7639266313749603,0.0234280547354384,0.0028990065819222,995.2549019607843,15.23372549019608,14.115918367346941,0.4725058381020968,0.0057816984383205,0.0011818890707577,-1.23617772543609,-2.6705957935367746,-0.6854374423916101,0.0533674774978525,-0.2774470768136495,-0.1480593800690436,0.4540846300202011,-0.6826528286340032,0.2833711037550606,-0.2290376981730626,-0.6362164742567303,-0.2257260101614207,0.0103440105985229,0.0723359153218258,0.0178798232741148,-0.0909212454284418,-0.1255904790064382,0.0738845218458005,-0.0627405520889909,-0.2278812633025447,0.0294819000152169,0.0303187177393734,-0.0585091761499014,0.0947701007893294,0.0849892319194809,0.1697940612016164,0.0883952154013274,0.0633085307077247,0.0873522894937543,0.103210969063318,0.035832966164827,0.0798673130130654,0.2325000773158734,0.0958983475586946,0.0530853082868056,0.0790294865140442,0.0353114743258967,0.018638110058724,0.0258668319102669,0.0262414117923867,0.0455499750763903,0.0499917722611654,0.0557974121795831,0.0173415382455314,0.0134040776878876,0.0156603958243768,0.0501291111813463,0.035617872074903,0.0454218699723393,0.0378174012587171,0.0332287223297925,0.0381242066174664,0.054947800102109,0.0233522543897322,0.0265051443639016,0.0252133750430721,0.0231098711020568,0.0218454675601608,0.0284193129272922,0.021858489525353,0.0230443445465559,0.024082629593235,0.0253357999862934,0.0263367519540135,0.0201339077533958,0.0197009468596597,0.0136288472013976,0.0142384850658818,0.0099259642621832,1779.5200514794951,1713.8344022186782,1526.8831023720818,1244.9518250843198,902.3566159000627,533.7829318881652,168.9934348991387,-169.9015104185958,-468.49039020201536,-717.3340703579449,-908.677137481302,-1035.322797330648,-1092.0692086115578,-1.4264285464834752,0.4697298903407684,0.001275802548433,0.8774441908397785,0.5480785557027108,0.2456309063848377,0.2818410838431334,0.0317523061708847,0.1102749209622267,0.041918969294473,0.039192420816643,0.0514230503014505,0.130102941584671,0.0416240005875561,0.0130019266646596,0.883606676030776,0.883606676030776,0.8955815849131789,0.8927503064010903,0.027136855638551,0.027136855638551,0.0222933552552903,0.0235943177113804,0.0539989453529078,0.0539989453529078,0.0413759556625127,0.0446627219827555,3.8415533749e-06,1.09164572842e-05,6.0606060606060606,0.35299119704894766,-0.006431143179939296,0.3918701227459207,3.128196198328273,5.0746879204226705,0.11910497010034837,2.682174949099306,1.1168128751317143,0.3481778665892528,3.7185917510713464,3.7785503519511727,0.12019636649270972,1.2676493582232382,0.1597893589519544,0.20682193550416111,1.2029738112416533,1.4713832290083633,0.6748605398749644,1.8123904171039733,1.1485769247702695,3.541221209061628,4.194977557202272,4.096264037757276,4.6640128205830536,2.3690165723938432,6.315071078171236,4.347594425980906,0.0007549058814595954,0.002075984994699915,0.002118845995101408,0.13739516712501276,0.1565951091321488,2.3198698731086616,5.302858294362917,11.521124866637523,140.73500752050418,0.0009524086891244855,0.002717344052951364,0.002002076078832503,0.1075919121863885,0.07520098079805332,1.684671681076455,1.442021345599916,33.888357571062585,196.08414766766157,1.0128623337245235,1.7498340305670181,1.514771888000729,0.5827176320105192,0.018051939933298032,-0.11635591619438718,-0.09460306438812288,1.6644100362223415,1.19206609512545,2.3300293226323148,4.788601654004004,4.317057054874913,2.1327251009504367,2.104011201079558,1.2224740145248605,2.2410348731022665,4.302934653228013,2.6182257717468476
0.0006245322666044,0.0003235070909924,446.9440553596759,818.159168417029,18.35584389354827,20.195892936337895,5.4740265772515215,0.0004856026311505,0.0268332565895554,0.1148899951754077,0.150118099874776,0.1850822717108716,0.5040758513728337,0.8304431730732255,2.062406523373576,0.0001248109708899,0.0046929003081414,0.0219164619805379,0.0402728051638171,0.0446978306010676,0.0419652675871525,0.1400400648749389,0.3424897278686822,0.7417487543767273,0.0465177351248514,0.0026129967812667,996.4705882352941,7.894117647058822,5.346938775510204,0.5112026366300052,0.0038699299288332,0.0014598427147922,-1.3447269514493567,-2.523437532427107,-0.9598042624650124,-0.2688763307517592,-0.2708953315729271,-0.0595753347125646,0.7397498962516847,-0.8062357907146576,0.5060521809870183,0.0128045636497647,-0.3852526162906635,-0.4233229204065654,-0.0878461110555786,-0.0722974739071902,0.000357520441151,-0.0625590898711753,-0.1117733412826954,-0.1727795074558775,0.2166420254805541,-0.0102157233930451,-0.0147192950965365,-0.0691394494940224,0.1432406006140718,0.1155014214643247,0.0787932971756699,0.1156376971305919,0.1341793340649333,0.2109883234425069,0.0496247243673273,0.0593188181682447,0.1571107175164946,0.0284464239942305,0.0278459852687291,0.1054280797463307,0.0639263436727266,0.0316150059893956,0.0511987326496215,0.0188343890995855,0.0337857274334548,0.0214097838382908,0.0341890348600392,0.0290930949151432,0.0221069857368283,0.0288382391486005,0.0191761268452136,0.0174120221805241,0.05010025408348,0.0591536947024425,0.0371554326292763,0.0379362644444235,0.0433024451443548,0.0456452430403186,0.0514961370339916,0.0312587967949602,0.0395221992324336,0.0277509870480132,0.0296217946760381,0.0318953669480372,0.0359085988147749,0.0384822374711286,0.0244111256165261,0.0345216304031774,0.0232073122971773,0.0395677230307241,0.0274860168980231,0.0360572507488479,0.018772938043096,0.0171163446861238,0.0217219418912009,1870.9425330657402,1804.0239793153,1614.068961284315,1329.027472836872,985.0464227878679,618.116442778211,257.97347283108564,-75.05088301335635,-369.35121062037706,-617.6382930094152,-812.8149743442196,-946.8532278257013,-1012.5303002388644,-1.1428316670490093,0.3775389098387549,0.00175835819819,0.8250611902115119,0.4311611789593967,0.2644398261206482,0.4188230101429184,0.0516201928519252,0.0859721760840844,0.0555798824342982,0.0100880149124465,0.0812647560709131,0.134228184900293,0.0174559984285738,0.016569621346034,0.8823173563266851,0.8823173563266851,0.8707752180210084,0.8515014213783786,0.024985826605108,0.024985826605108,0.0372094752623407,0.0324373016945038,0.0490041421720086,0.0490041421720086,0.0742586638069291,0.0491534429249004,3.5774281133e-06,1.13166574889e-05,7.894736842105264,1.4977286295257164,-0.08844361813238277,0.4043657543131405,2.811660286631384,3.851021276111023,0.1314503803100965,2.1320929705787095,1.400613498605568,0.37798978065157235,3.2735626395903683,3.3784224840998616,0.13879582951207545,1.5479766032394808,0.9716239731273186,0.9742773925839906,1.6158914945279343,1.3778914834172002,1.1120688422055987,1.8317417945426544,1.0469674630147607,4.148747315765913,9.013499791551695,5.999313428274172,4.337588830616051,3.214068565675564,6.911781440165657,4.228756970736775,0.0022770603526583904,0.004942112183528856,0.0028891560812249716,0.1529585327240119,0.08914145564608428,3.42352118064462,3.9804185451548975,26.522651165138647,170.08284341145986,0.000873090763035184,0.0021604927985553217,0.0014261894015112641,0.058849794631690384,0.031220896349891145,2.370480534323576,0.4703096476433314,75.8442954890583,299.60867505963773,-0.8910370166458113,0.9599540600533266,0.6180220042225851,0.5712852036502308,-0.3390557984182474,-0.824672121349166,-0.0027250341720304015,1.749489409503447,1.768806540031038,2.5478783647969334,2.7023239024756176,2.309398480566984,1.7585058015576724,1.8049753863021136,2.3270954310070673,1.6334124231990859,4.129863265620209,4.162962125105578
1.16482373447e-05,1.10848138829e-05,367.05275315548874,319.74090790114315,4.1802738071256575,12.898572170130592,3.513222360238837,0.0162943166946134,0.1843728514820587,0.3958655724177203,0.8973595209944188,0.4568665321699436,1.929631227732292,6.803996587100563,3.826838195284416,0.000802519517696,0.0089448681921659,0.0940305434242173,0.3378867887179425,0.157676233066,0.5643033042423534,1.99108687952738,1.547871856778099,-0.1179493628134242,0.2853587239649816,0.0152978999480567,504.8431372549019,3.0149019607843135,1.3571428571428572,0.8386151874993494,0.0743432399384987,0.0157633914739562,0.535042443651871,-0.6246700544989113,0.7167592976918641,-1.3282835163420088,-0.2179235521989137,-1.0781865455281772,0.8413173766777239,-0.6178878221034713,0.5120002828895956,0.1086237103043243,0.1730264402890991,-0.2149423538253384,-0.2207466803344091,-0.063707621326795,-0.1433461262345782,0.0152350320813473,-0.2160060961943514,-0.0191016688905838,-0.2608509136412472,-0.010374445949479,-0.201279068148432,0.0708637813989872,0.0766565484447737,0.5455157840089604,0.1701413017476533,0.1314681365802752,0.1403534070146792,0.1302847703197614,0.0772207546416173,0.1530063410094269,0.0591258647990025,0.0957574080425204,0.0478048017910266,0.0460040274771185,0.0238468977701276,0.042587317180695,0.0292013361062237,0.0389621508203278,0.0328483923173483,0.0295137365205474,0.0145265275569284,0.0179642069403396,0.0220948534171897,0.0178606753461408,0.0173632361860624,0.0222229659209704,0.1245462069948796,0.0805817777924057,0.1297529470482181,0.0762646797882122,0.0690030879343922,0.0727222907122871,0.09120900355204,0.0678029459684466,0.1002765750535093,0.0719352114360282,0.0435008455475872,0.0328891949527273,0.0346988788858,0.0284400424638437,0.0540421411642272,0.0302976281290253,0.0245258359772743,0.020258373652954,0.0228238006655951,0.0223595346843581,0.0235214151162794,0.0213829445700028,0.0216968920050659,164.56638286736998,160.45487262881602,149.35515513120646,134.23843357379712,118.33615171577351,104.10321412244303,92.90835202080376,84.9192863963049,78.96368493259602,72.8579757864923,64.51454292555707,53.192611662858,39.852704548704885,-0.6391722564950697,0.2380421374489299,0.0052083352970637,0.2830316949527214,0.5193152029250804,0.5666313583091753,0.0714936746790658,0.0531203038514855,0.0633126992131118,0.0734689277469414,0.0108431801318095,0.0589829223347827,0.0106017697756517,0.0113766763097474,0.0175483139457348,0.7848903490743396,0.7848903490743396,0.7890655771536956,0.7108626888928636,0.0549985932837149,0.0549985932837149,0.044977999705013,0.062753571511743,0.1243891019020207,0.1243891019020207,0.0898864795681085,0.0694526902373772,1.6785480808e-06,5.2493846788e-06,10.714285714285712,-1.1234334671289985,0.004471060546573351,0.28420125889479847,4.667054999495275,7.483233928566402,0.08467810747195159,0.7668851805482089,0.91554529249009,0.20013430351195202,4.764964493268633,6.567860018787004,0.08109450511293848,2.1115475383883333,-0.8501027999062022,0.650402577212373,0.8323878331704216,0.8170019250856736,1.049167577284932,1.3360021220087854,-0.4662465036084525,3.032549817582036,4.073616108245414,3.0246092427985256,2.560657581293994,2.9486947331228683,3.797108272421836,2.7444780034878287,0.0007357675973143245,0.026911519293509767,0.015799849401774722,0.30124746040915584,0.12909183906503927,2.7181397455999106,4.241370077028049,-111.68095747646471,228.6269183755338,0.0005794494731383256,0.020844158060087246,0.012328455604946418,0.029740058866364875,0.023125421473152927,1.6332331296371951,1.3703271152415173,123.50814012926351,220.32818999164283,0.3970082754010477,0.4520474984626291,0.04835814222562653,-0.07712934026306349,-0.3813690251755378,-0.139446366420073,1.0597900224757735,-0.40947224396694176,0.002082908405441883,1.5105014901512777,1.5830572189026415,1.077103919269276,1.6428341965074897,1.690579959725294,1.45011167285547,2.249677721625423,1.5327317619928844,1.0031390183111115
7.43547597405e-05,1.68564492909e-05,388.21457129863836,617.4622182169106,14.537619245615481,25.257142756514405,2.2074550327157128,0.0044521281963331,0.0459720119110054,0.2606400944189083,0.9127672714933358,0.5514361028568432,0.5525141675507591,1.5837894394159349,4.053564662607708,0.0028483247951207,0.0113558552835868,0.0645173637323013,0.1866524242355078,0.1072387456395054,0.1866533249632739,0.6150864875940446,0.5373615006191603,0.6835232270298639,0.0239196441022577,0.0093661900738853,1998.0,47.56,29.422040816326536,0.8620282450555825,0.010459353314696,0.0023733669190779,-0.7750588853968292,-1.7826846022549614,-0.204800529051755,-1.0264128899920115,0.6923181351928548,-0.5313277988423422,0.6608995587896771,-0.9580691123338352,0.4924551869811267,-0.2574297009141881,0.2486264668588172,-0.2730514037690386,0.1085997583618313,-0.6274883530049418,0.0587259828481988,-0.2207124019497509,0.0349793538431151,-0.1751035213055851,-0.170127540262798,0.1011073194149166,-0.1539174837728204,0.1334007524586945,-0.1249936184715587,0.078876750266712,0.0933601814273611,0.0890474282808748,0.1050221465799702,0.12267096250417,0.0928393023163263,0.0537652863568533,0.0796422576194208,0.0546685461043233,0.0385204339116351,0.0474642107748842,0.0313269353950818,0.0468857257915874,0.0369926480003199,0.0232368176855643,0.0271571952507478,0.0138222996086052,0.0282071158864414,0.0123163450641406,0.0143296292143367,0.0116579084480696,0.0108463586773018,0.0078274991485398,0.0522424092337233,0.0557619901160932,0.0522664520696551,0.0572748858635555,0.0500472375960308,0.0381088223324209,0.0322888540169467,0.0235931822781506,0.0266989899372627,0.02125230047015,0.0248328322864919,0.0163390024947401,0.0178892325128937,0.0184753014102801,0.0148098050382434,0.0160169815512495,0.0092980487501152,0.0118163823794791,0.0093162832577355,0.0127944740631062,0.0079655449829438,0.0078452043136042,0.0083387893178092,2245.7872383871872,2127.8761207244875,1809.9141950894768,1380.9396898639598,943.1455008815849,576.6083051653503,321.0318602367661,170.9561379486595,82.01853861470585,-8.205396872380152,-148.60430768300134,-349.72351269110396,-582.5166515326206,0.1228805703320093,1.0795097255161628,0.0013633815878261,0.6858692933649772,0.2882116329103601,0.7172734579694018,0.115835589891742,0.0777198658016773,0.0424899931513336,0.0148234117614294,0.0060326512888117,0.1122131787849545,0.0156523643875406,0.0110590436260708,0.0035184583795538,0.8178510200955063,0.8178510200955063,0.7578318217520065,0.7379950792803749,0.0429118873625863,0.0429118873625863,0.056535240053507,0.0722157950032419,0.0940234664115756,0.0940234664115756,0.1061658296826707,0.1122779887380971,2.5840249156e-06,8.0630405234e-06,2.7522935779816518,-0.3246437249646553,-0.04778845784400958,0.3090256014170363,3.2333989869972095,5.253229293658122,0.12585389550858464,2.009919850292513,1.293182436669856,0.3854955978882689,3.4768284487150574,4.148989652338558,0.1760846689376963,1.9428034764155873,-0.141425588167138,-0.1418560824071005,2.3522133558911293,1.2744293357425047,0.8798372837743923,3.5718977793232343,-1.6503447697354543,7.969488616994064,19.670007115988696,9.349355834963427,4.26512749751928,2.9655056835019846,19.053347901273785,6.354252812585884,0.0006100907517296179,0.008109736910145408,0.004402788801801568,0.3559994825645692,0.1403892263941167,5.078884044749068,4.172355167069656,-53.1855344417686,262.62144838853334,0.000918602176098148,0.004244828249673789,0.0038206565596999665,0.08092818469028608,0.04077971985397386,1.378423220258677,1.2723418827005395,198.32956669577817,955.129971691742,1.7376721680168596,1.7645241908199898,2.193927939867817,-0.06755784180509838,-0.07567346634680872,-0.6516228927530922,-0.5639016582730918,-4.090654284426118,4.1085820385391685,4.434359473132114,5.742619510767868,7.418155361568146,2.9992728446899295,2.792136833054649,2.7919784573713606,2.6987088451778694,17.848846340442677,17.941975278477088
0.0008997905620651,6.68052850253e-05,428.4870197982887,70798.7741419832,32136.76811531539,137.7056375230676,2.9903245268212832,0.0062661836266389,0.0496351973132742,0.1696318614290573,0.3802625215435485,0.1789285505184075,0.6887179323577975,1.440665532062234,8.049619468785266,0.002240415951968,0.0196834061446197,0.0540741399307187,0.0744925272522148,0.0527111138564441,0.1296566304126015,0.1757393916621895,0.3452112853536984,0.7474349493407384,0.0638283543299336,0.010654844053344,2001.078431372549,11.553725490196078,3.5204081632653055,0.8623576835642636,0.0121299757246431,0.0017623172348996,-1.1014335064858507,-1.939621682829625,-0.5541290741028988,-1.330466216156057,0.5805524455436609,-0.4343849319746164,1.0521533151163194,-0.9531495065762888,0.2477260637113022,-0.1294072194855497,0.0205490454872865,-0.0634206811017617,0.3951675063593658,-0.2698706857551674,0.3039983722233544,-0.4879446923765445,0.0497019901544015,-0.1723320441883767,-0.3096968926406522,0.074526592636281,-0.1816648465429849,0.0973982202237536,-0.0298345264159512,0.1318360812725949,0.1782679267044801,0.0623159985488913,0.090423471591153,0.0458864307049616,0.1054606462759898,0.0686211793888515,0.0382300573643669,0.0616716775788773,0.0447931172024282,0.0252562440056522,0.0227673953227035,0.0240732697066765,0.0226621603925743,0.0224291144124873,0.0251511078071872,0.0238886814328377,0.0250650031868773,0.0203663146056971,0.0207957365999751,0.008106559361361,0.0088506985956403,0.0070700094033448,0.0948289282032417,0.0749824171802472,0.0621350563134199,0.0901904235157684,0.0824365294531194,0.0898937729116608,0.0393515648711441,0.0701634256784663,0.0458479875344613,0.0615923537224676,0.0246856405470972,0.0254484963730264,0.0249367020241555,0.0275628375802137,0.024512105797501,0.0240135659616584,0.0261577055487365,0.0421080255026904,0.0177279910178159,0.0433532898902893,0.013780429281859,0.0152228846728396,0.0095669134223327,2465.116130236608,2332.4390035543206,1975.9034840356455,1497.9604875247599,1014.7487297073826,617.5245163673267,355.8542771981952,232.2737066585117,201.75670310967445,185.72399720503887,106.63017842269407,-74.26594261158347,-343.14387715214923,-0.3277136052773392,0.6141217181255995,0.004806592530885,0.3908530718826146,0.7290037995888035,0.3440209095704689,0.2124393239181255,0.0931692336669522,0.0206430324141615,0.0281569688313981,0.0361404869975419,0.0332526281292716,0.0185670831012749,0.0210503310166138,0.017310582301553,0.8233956018507133,0.8233956018507133,0.7936512830352966,0.712302526220889,0.0433979964334635,0.0433979964334635,0.0452537032323214,0.0709321131660802,0.0604401003332295,0.0604401003332295,0.0547725373639902,0.0821431243746723,1.6828200956e-06,4.4708418135e-06,15.748031496062993,-0.377822667038498,-0.1961986500347144,0.3992909506983367,2.685776463913739,4.08897004489206,0.08606139480059842,2.3683214488554705,1.0023440392498353,0.541976395631907,2.9402228163667745,3.3980341528344806,0.09755780607980713,3.087272245818029,-1.0029030278665085,-5.251030250963696,2.9047348605217884,1.310652474145961,1.7114399343017754,3.1137907727647174,-1.3735339821440202,10.655806232516897,42.78879633990565,14.047977140075286,4.347240125302627,6.047643762787676,16.189751508708667,4.804633440816692,0.0021137273312639877,0.016864973908056045,0.010701545427047347,0.1864754827339561,0.08107289905817595,2.944445269618847,4.340005266433039,53.557962901475314,314.1817616241875,0.0012284229459166205,0.022811737058026464,0.014372848254499913,0.07763944214803886,0.023923717364730465,1.579579742737411,1.3548641357704136,162.65220616743915,723.2628445407049,-0.4566446276434531,2.5375326568498906,2.4540890507960462,0.2533710556176035,0.4806636577299488,0.10071314074193008,0.493753782889636,2.5993424823044773,2.798110851649272,1.6827672959970503,8.060836768688963,7.740057901149827,1.3330730283518757,2.937227624391762,1.886324868744872,2.1531793525685567,8.190697238842798,8.935407797565553
0.0010136615580678,0.0001651855137349,383.5922325449536,10933.862024585836,10521.65382328647,125.7499120842971,4.55546513398202,0.0137523470831837,0.1115269889543574,0.2359175201047742,2.1148268461202324,3.4701999142534423,6.672188517091691,16.21598832982543,23.933191621018725,0.0022833706278776,0.0212707830331109,0.1541292446918633,0.5652809046026838,0.2955477789937044,0.6483534072513332,2.177343527891877,2.158728566999901,-0.0031170734995554,0.2159798343949877,0.0077555594957716,2012.5294117647056,43.81411764705882,10.77387755102041,0.6899840481374347,0.0406088630813691,0.006442635918739,0.512219611304686,-1.180086294535701,0.0556497657505936,-1.5786001089072297,-0.0343836152679781,-0.7900465691062052,0.3651221313460699,-0.6958786414852948,0.4725543884211261,0.0664014599309002,-0.0891315640968792,-0.456297606446322,0.276973551054121,-0.4388971807492905,0.2899739472637402,-0.31997244088009,0.0444715415666763,-0.0679049632743302,-0.2730776453408101,0.1841837996081845,-0.2041030711555578,0.0157044563052196,-0.0693861427805529,0.5288570943107584,0.4475611749032822,0.0500492147494088,0.0733921428058256,0.0861663025398949,0.2604596390092451,0.1489287490941475,0.0788700271992718,0.0458039648819834,0.0461763875789444,0.121815883963678,0.0653530248436636,0.0766539601958347,0.0476311793485962,0.0384130648468544,0.0446280694126179,0.0250557277153244,0.0251658483683247,0.0275032937676417,0.0231369968046373,0.0227058218203614,0.0209749178571992,0.0180148667116509,0.0611430104755754,0.0843562514148846,0.0667968868043246,0.0701391790943774,0.0619306688508171,0.0548113360851602,0.0551416782762173,0.030612210198468,0.0321668753870519,0.0315567256024467,0.0343703328727217,0.0273602532002551,0.0293966997933867,0.0328121685228523,0.0237997951776321,0.0239540954265939,0.0285878064545891,0.0246550864422994,0.0165347198743713,0.0178055404870697,0.0231359388942977,0.0146995843613634,0.0108376073500021,3537.1767209214136,3434.119281366544,3150.1831478223608,2746.373855166037,2291.4390899718182,1844.7899937055229,1451.499280639508,1136.040076800833,894.3298987723333,697.5804846733126,511.7821991249504,317.4966159693318,113.92151679357694,-0.8829618099231368,0.5501558788194486,0.0029103786897277,0.6075364172664739,0.3513395774863667,0.3736027362847486,0.3986018647653419,0.0767123041174263,0.0909613260533932,0.09402072670917,0.0382409654455562,0.0697882231876959,0.0244370709750079,0.0226295772010545,0.0615779087770589,0.8387137744255109,0.8387137744255109,0.7915821032254168,0.6600174651667263,0.0424814862654683,0.0424814862654683,0.0541514230128066,0.0973934681103569,0.0781879643654389,0.0781879643654389,0.0932431712569851,0.0547914154256959,8.265313678e-06,2.36347752864e-05,3.9735099337748334,-0.4067810495073039,-0.054661582162302096,0.3893307516724899,3.108180096386121,6.4967384967927195,0.1458790105514089,2.438562128418921,1.3303587001055308,0.3878038336945479,3.672285363586673,5.032770298116547,0.16189011787337207,3.720132816422943,0.27851574158428066,0.11001186442341732,1.838160610065156,1.5192012444105887,0.9151722532950928,2.1162819258487704,-1.5326863900122476,5.4299835082293155,10.722308024061505,6.3518990343510975,5.2098768899307295,3.431832767333354,7.817854894527574,5.816529901456959,0.0007095362305840864,0.010918653959549673,0.008026918158576337,0.31002875323828916,0.1778895376268906,3.1657230109517336,4.787951876960614,-5.630949334369526,125.31203252443478,0.000462356821564112,0.0075117593372345795,0.0058230087839901004,0.06037989008579137,0.05704296246040599,1.577112606217428,2.557471457415237,21.50114948916327,199.3121102526505,0.479271040010273,0.9743991606457156,0.9843650140841544,-0.12130788334589825,-0.07124001033794902,-0.43709410844163826,0.22069683988687192,1.632629762809504,1.908319339899094,2.095144536172582,2.435434367549272,2.4034707123951966,2.365082831491483,3.1489101082570765,2.327810746789744,2.040470461476603,5.354998596337219,4.873467854480089
2.56562447e-06,4.123196944e-07,314.86750544226436,126.24660320554173,5.362530602230185,3.1784000840669018,0.2541974322591854,0.0014860851544184,0.0156590862023534,0.0583817785259338,0.1424619501078179,0.2581129942425626,1.119654479926396,2.1953914252089697,0.1939760780004135,0.0008383178013362,0.0097789221739128,0.0345064131937557,0.0581047965950048,0.0809832953513146,0.2938000262915745,0.1610565076582838,0.1013229581638382,-0.047095457395517,0.0084076113679208,0.0039124322920475,1008.9019607843136,2.0901960784313727,3.591836734693877,0.7990479926478433,0.0050990175029857,0.002182583363481,0.5772113569728328,-1.0913412489646392,-0.5199255293521258,-1.2895913891006927,0.512110785867078,-0.9697198312703256,0.4817366735342794,-0.736925799887106,0.4100132641102567,-0.3519971109025656,0.1088251108950281,-0.2522561538878381,0.598756531597496,-0.2980792522192264,0.2186091165688542,0.0060316065141371,-0.1611713840722351,-0.073874439573359,-0.3017984686641765,0.1787083765545141,-0.0961025444790646,-0.0134304204874869,-0.0349201943929027,0.0404007242591245,0.0923960340179183,0.0313726351372463,0.035038842257859,0.0292655869618319,0.0508252819610652,0.0251522484851162,0.0312718535345552,0.034906942371308,0.0211301366112584,0.0175312848367246,0.039671543251286,0.0281403443452743,0.0200885268379321,0.0177500100442946,0.0209071979590602,0.0292913680910316,0.0095238294320855,0.0078655769035263,0.0156347268747196,0.0110810598193636,0.0102581571601719,0.0073490907438955,0.032550363086307,0.060124965002099,0.0269044082953565,0.032406125049353,0.0276963578552107,0.0234473406995903,0.0159941740714798,0.0335853553090974,0.0322685343666841,0.0198693929197978,0.0132006315094955,0.0113334448676597,0.0143156599477265,0.0159901982452259,0.0116788383159612,0.0150216257569718,0.0139524013411716,0.009827293254905,0.0088764845685833,0.0152102595061654,0.012951068582335,0.0121500676083384,0.0057736836072998,162.17557878775693,158.4006881519679,148.08879240371965,133.79492858869142,118.50241683290263,104.5318484627432,92.89662184871788,83.17518029409842,73.84220676773305,63.009433137581404,49.372975546232844,32.899660086107254,14.826745070587641,-0.2091358371832283,0.4904315806272753,0.0006592402028875,0.6379791215275308,0.4598576169886594,0.2121111926448192,0.538300915415914,0.0313571415388746,0.0296964025926044,0.0146750839455237,0.063759396938118,0.010081097564392,0.0339146809902182,0.0209652600675666,0.0775057602527568,0.7835904546130706,0.7835904546130706,0.7393539069381139,0.3170841121691631,0.0535165433875838,0.0535165433875838,0.057601448827195,0.0325513425658298,0.1008001054822638,0.1008001054822638,0.1087812011211143,0.0495019838245327,6.198771647e-07,1.8879629846e-06,6.521739130434783,0.15687383895074364,-0.022756329480701186,0.2305621137520957,2.560322409777093,4.3646870830008675,0.09042972261664083,0.9971066809655637,0.5012565904357164,0.20517109202576403,3.4595221435583867,3.7253117897116086,0.07346288932381523,1.976205680547206,0.518356251085243,0.0030266074500317776,1.1123197316316968,2.1476705696312672,0.7105009771918159,1.195061884365898,-1.0197980973878098,3.145944155391541,4.578218258218357,3.693545204937173,8.852616688407615,2.22540158399184,3.9488829300197215,2.783361631324976,0.00015200365455439807,0.01453708565432845,0.005206837957798069,0.3626694143009804,0.0835530377501803,4.6394172116307,1.2883761898393231,0.42668909123826726,20.19647019846944,0.00011110758845397036,0.002480929717499063,0.0009895805064771782,0.048401478174764964,0.041005608230507716,0.7087846007439575,0.3871858040081934,8.813417306067162,12.0163773144644,0.5291622830433376,-1.0489237865585086,0.17605869265485846,1.0695977744497036,0.7596189747296197,0.09441381136916178,-0.10302260819889536,-1.628358283290163,1.59134899056681,1.6542006009557442,2.535911441428796,2.525922390820955,3.0369099750270006,2.10740333955537,1.8718310157951823,1.7380439426747203,4.522302469982608,4.315256992742977
